Date,Close,macd,signal,macd_signal,macd_position
2019-09-01,0.2580539882183075,0.0,0.0,0,1
2019-09-02,0.2608200013637543,0.00022065062128917567,4.413012425783514e-05,1,1
2019-09-03,0.263139009475708,0.0005760026027822884,0.0001505046199627258,0,1
2019-09-04,0.25990501046180725,0.00058986531534716,0.00023837675903961265,0,1
2019-09-05,0.2563459873199463,0.00031009362509593075,0.00025272013225087627,0,1
2019-09-06,0.2523399889469147,-0.00023220137138368901,0.00015573583152396324,-1,0
2019-09-07,0.260686993598938,1.142772180801055e-05,0.0001268742095807727,0,0
2019-09-08,0.2630839943885803,0.00039338872423105853,0.00018017711251082987,1,1
2019-09-09,0.2595619857311249,0.0004072049018967183,0.00022558267038800758,0,1
2019-09-10,0.25867098569869995,0.00034231210515189847,0.00024892855734078576,0,1
2019-09-11,0.2559559941291809,7.098865366483853e-05,0.00021334057660559632,-1,0
2019-09-12,0.25481098890304565,-0.0002337351358092099,0.00012392543412263507,0,0
2019-09-13,0.2555510103702545,-0.00041078214572454197,1.6983918153199665e-05,0,0
2019-09-14,0.2611669898033142,-9.681455318361065e-05,-5.7757761141623985e-06,0,0
2019-09-15,0.26162800192832947,0.0001870506481323475,3.278950873513959e-05,1,1
2019-09-16,0.2609519958496094,0.00035339411697909995,9.691043038393166e-05,0,1
2019-09-17,0.28501299023628235,0.002399088476784772,0.0005573460396640997,0,1
2019-09-18,0.3137759864330292,0.006268984455554905,0.0016996737228422607,0,1
2019-09-19,0.3024410009384155,0.008325297454103042,0.0030247984690944174,0,1
2019-09-20,0.29447001218795776,0.009205631356585975,0.004260965046592729,0,1
2019-09-21,0.2894429862499237,0.009389427856561772,0.005286657608586537,0,1
2019-09-22,0.27893099188804626,0.008587862283725656,0.005946898543614361,0,1
2019-09-23,0.2686749994754791,0.0070438458472107945,0.006166288004333648,0,1
2019-09-24,0.23522600531578064,0.003085578781962972,0.005550146159859513,-1,0
2019-09-25,0.24644100666046143,0.0008438530827609148,0.0046088875444397935,0,0
2019-09-26,0.24378399550914764,-0.001134056580624876,0.0034602987194268598,0,0
2019-09-27,0.2440209984779358,-0.0026518709623414294,0.002237864783073202,0,0
2019-09-28,0.24257099628448486,-0.003926490713165698,0.001004993683825422,0,0
2019-09-29,0.2413879930973053,-0.004974748712781196,-0.0001909547954959016,0,0
2019-09-30,0.2559329867362976,-0.004579056784437485,-0.0010685751932842185,0,0
2019-10-01,0.2495650053024292,-0.004724845880494599,-0.0017998293307262946,0,0
2019-10-02,0.25353899598121643,-0.004468210207809908,-0.0023335055061430177,0,0
2019-10-03,0.24785999953746796,-0.00466924795597351,-0.0028006539961091164,0,0
2019-10-04,0.2539350092411041,-0.004288929201612501,-0.0030983090372097935,0,0
2019-10-05,0.2534570097923279,-0.003980212991669507,-0.0032746898281017364,0,0
2019-10-06,0.2577050030231476,-0.0033541115097208696,-0.003290574164425563,0,0
2019-10-07,0.27568501234054565,-0.0013910499300573975,-0.0029106693175519303,1,1
2019-10-08,0.27845901250839233,0.00038410146261325107,-0.0022517151615188942,0,1
2019-10-09,0.28162699937820435,0.002023229267424431,-0.0013967262757302293,0,1
2019-10-10,0.27207300066947937,0.002522247117592691,-0.0006129315970656452,0,1
2019-10-11,0.2710990011692047,0.0028067739959921623,7.100952154591629e-05,0,1
2019-10-12,0.27319100499153137,0.003164591382319948,0.0006897258937007227,0,1
2019-10-13,0.2777650058269501,0.0037737464794783127,0.0013065300108562406,0,1
2019-10-14,0.29652300477027893,0.005704363676668711,0.002186096744018735,0,1
2019-10-15,0.28870201110839844,0.0065280515740704925,0.0030544877100290866,0,1
2019-10-16,0.28464001417160034,0.0067749634010187965,0.003798582848227029,0,1
2019-10-17,0.30231499671936035,0.008301175395730997,0.004699101357727823,0,1
2019-10-18,0.2950049936771393,0.00881919109881013,0.005523119305944285,0,1
2019-10-19,0.2930220067501068,0.008966353264036941,0.006211766097562816,0,1
2019-10-20,0.2941789925098419,0.009071765753079053,0.006783766028666064,0,1
2019-10-21,0.29297900199890137,0.008955246200850975,0.007218062063103047,0,1
2019-10-22,0.29160699248313904,0.008652453813080385,0.007504940413098515,0,1
2019-10-23,0.2741430103778839,0.006923481673945409,0.007388648665267894,-1,0
2019-10-24,0.27849099040031433,0.0058368212057691715,0.00707828317336815,0,0
2019-10-25,0.2981649935245514,0.006488368709777981,0.006960300280650116,0,0
2019-10-26,0.2936989963054657,0.0065686369907720366,0.006881967622674501,0,0
2019-10-27,0.29809999465942383,0.006907745774877738,0.006887123253115149,1,1
2019-10-28,0.2960070073604584,0.006927746595842221,0.006895247921660563,0,1
2019-10-29,0.3019559979438782,0.0073390314269465295,0.006984004622717757,0,1
2019-10-30,0.2965550124645233,0.007146779601943598,0.007016559618562925,0,1
2019-10-31,0.29635798931121826,0.006898993224233818,0.006993046339697104,-1,0
2019-11-01,0.2926419973373413,0.0063298051842461955,0.006860398108606923,0,0
2019-11-02,0.2962630093097687,0.006100581262577787,0.006708434739401096,0,0
2019-11-03,0.2912609875202179,0.005452445896148794,0.006457236970750636,0,0
2019-11-04,0.29993700981140137,0.005574615738885513,0.006280712724377612,0,0
2019-11-05,0.3012549877166748,0.005711942306249329,0.006166958640751955,0,0
2019-11-06,0.3100860118865967,0.0064589101511435265,0.006225348942830269,1,1
2019-11-07,0.2924309968948364,0.005562158290664976,0.0060927108123972114,-1,0
2019-11-08,0.2769530117511749,0.003561477439335159,0.005586464137784802,0,0
2019-11-09,0.28019601106643677,0.002212106604447095,0.004911592631117261,0,0
2019-11-10,0.28020399808883667,0.0011303351816983609,0.004155341141233481,0,0
2019-11-11,0.275085985660553,-0.00013836233959685362,0.0032966004450674146,0,0
2019-11-12,0.27241799235343933,-0.0013436107202151049,0.0023685582120109108,0,0
2019-11-13,0.27303600311279297,-0.002223281832828383,0.001450190203043052,0,0
2019-11-14,0.27039098739624023,-0.003098144706619843,0.0005405232211104731,0,0
2019-11-15,0.26165398955345154,-0.004445240578597798,-0.00045662953883118107,0,0
2019-11-16,0.2638860046863556,-0.005271947070786431,-0.0014196930452222312,0,0
2019-11-17,0.2652530074119568,-0.005750523768085325,-0.0022858591897948503,0,0
2019-11-18,0.2556529939174652,-0.006825757028856294,-0.0031938387576071394,0,0
2019-11-19,0.2565000057220459,-0.007522821952127889,-0.00405963539651129,0,0
2019-11-20,0.25136399269104004,-0.008392935715544891,-0.00492629546031801,0,0
2019-11-21,0.24376599490642548,-0.009585110872373015,-0.005858058542729011,0,0
2019-11-22,0.23160000145435333,-0.011380425804841054,-0.006962531995151421,0,0
2019-11-23,0.23618799448013306,-0.012291326370332534,-0.008028290870187645,0,0
2019-11-24,0.2231840044260025,-0.013902278141114527,-0.009203088324373021,0,0
2019-11-25,0.21862199902534485,-0.015369909980484903,-0.010436452655595398,0,0
2019-11-26,0.22214500606060028,-0.01606357071814235,-0.011561876268104789,0,0
2019-11-27,0.22508099675178528,-0.016189766389453075,-0.012487454292374446,0,0
2019-11-28,0.22457000613212585,-0.016144901664105732,-0.013218943766720705,0,0
2019-11-29,0.23021699488162994,-0.015475291717914702,-0.013670213356959506,0,0
2019-11-30,0.22647400200366974,-0.015072898266372536,-0.013950750338842112,0,0
2019-12-01,0.22533300518989563,-0.014676881510093553,-0.014095976573092401,0,0
2019-12-02,0.2195809930562973,-0.014658204033522804,-0.014208422065178482,0,0
2019-12-03,0.21987000107765198,-0.014453470851787803,-0.014257431822500347,0,0
2019-12-04,0.21634800732135773,-0.014409312210169473,-0.014287807900034172,0,0
2019-12-05,0.2229280024766922,-0.013685606399243266,-0.014167367599875991,1,1
2019-12-06,0.22550499439239502,-0.012757067090863355,-0.013885307498073464,0,1
2019-12-07,0.22844499349594116,-0.011649669503777244,-0.01343817989921422,0,1
2019-12-08,0.23043499886989594,-0.010490543677752984,-0.012848652654921975,0,1
2019-12-09,0.2254520058631897,-0.009860350023394249,-0.01225099212861643,0,1
2019-12-10,0.2243019938468933,-0.009345978745371658,-0.011669989451967476,0,1
2019-12-11,0.22205300629138947,-0.00901588083972038,-0.011139167729518059,0,1
2019-12-12,0.21985900402069092,-0.008829532167830334,-0.010677240617180516,0,1
2019-12-13,0.22075499594211578,-0.008511435907884501,-0.010244079675321312,0,1
2019-12-14,0.21735599637031555,-0.008436364035786958,-0.009882536547414441,0,1
2019-12-15,0.21860100328922272,-0.008182089350033783,-0.00954244710793831,0,1
2019-12-16,0.2072249948978424,-0.00879711595680413,-0.009393380877711474,0,1
2019-12-17,0.18369899690151215,-0.011055440164587232,-0.009725792735086627,-1,0
2019-12-18,0.19617600739002228,-0.011703477494512365,-0.010121329686971775,0,0
2019-12-19,0.19081899523735046,-0.012505166087179553,-0.010598096967013332,0,0
2019-12-20,0.19531600177288055,-0.01263202510609665,-0.011004882594829997,0,0
2019-12-21,0.19408200681209564,-0.012685899717719995,-0.011341086019407996,0,0
2019-12-22,0.19697800278663635,-0.01235252089161859,-0.011543372993850116,0,0
2019-12-23,0.19094300270080566,-0.012431981694065591,-0.011721094733893211,0,0
2019-12-24,0.1921979933977127,-0.012252449085470879,-0.011827365604208745,0,0
2019-12-25,0.19071899354457855,-0.012090143479152743,-0.011879921179197546,0,0
2019-12-26,0.19039399921894073,-0.01185112702748256,-0.01187416234885455,1,1
2019-12-27,0.19110199809074402,-0.011472329304605844,-0.011793795740004808,0,1
2019-12-28,0.19322200119495392,-0.010875694609656011,-0.011610175513935051,0,1
2019-12-29,0.197051003575325,-0.00997885875153573,-0.011283912161455188,0,1
2019-12-30,0.194473996758461,-0.009368063580262154,-0.010900742445216582,0,1
2019-12-31,0.19289399683475494,-0.008908801675539868,-0.01050235429128124,0,1
2020-01-01,0.19266700744628906,-0.008465563705101875,-0.010094996174045369,0,1
2020-01-02,0.1880429983139038,-0.00839069065386519,-0.009754135070009332,0,1
2020-01-03,0.19352099299430847,-0.007799417996438213,-0.00936319165529511,0,1
2020-01-04,0.19435499608516693,-0.0071807577704489645,-0.008926704878325881,0,1
2020-01-05,0.1955370008945465,-0.006519929485857917,-0.008445349799832289,0,1
2020-01-06,0.22150999307632446,-0.0038559657328785524,-0.007527472986441542,0,1
2020-01-07,0.21391700208187103,-0.0023305806982456823,-0.006488094528802371,0,1
2020-01-08,0.20902599394321442,-0.001499085030340741,-0.005490292629110045,0,1
2020-01-09,0.20489899814128876,-0.0011597637587130727,-0.004624186855030651,0,1
2020-01-10,0.21230599284172058,-0.0002898257064494203,-0.003757314625314405,0,1
2020-01-11,0.21185100078582764,0.0003587568850984546,-0.0029341003232318335,0,1
2020-01-12,0.21563300490379333,0.0011645155758059078,-0.0021143771434242857,0,1
2020-01-13,0.21261699497699738,0.001541943780053845,-0.0013831129587286595,0,1
2020-01-14,0.23468700051307678,0.00358064787138776,-0.0003903607927053757,0,1
2020-01-15,0.23289500176906586,0.004994166585914728,0.0006865446830186451,0,1
2020-01-16,0.2285739928483963,0.005700014820594235,0.0016892387105337631,0,1
2020-01-17,0.23877599835395813,0.007001907582446731,0.0027517724849163566,0,1
2020-01-18,0.24328599870204926,0.00830188732297718,0.0038617954525285215,0,1
2020-01-19,0.23558500409126282,0.008611457209734885,0.004811727803969794,0,1
2020-01-20,0.2332960069179535,0.008573263389697189,0.005564034921115273,0,1
2020-01-21,0.23716600239276886,0.00875435603706376,0.006202099144304971,0,1
2020-01-22,0.23605599999427795,0.00870792579979826,0.006703264475403628,0,1
2020-01-23,0.2261040061712265,0.007778421966485927,0.006918295973620089,0,1
2020-01-24,0.22304099798202515,0.006717192703453195,0.00687807531958671,-1,0
2020-01-25,0.220427006483078,0.00560067253217586,0.00662259476210454,0,0
2020-01-26,0.2306859940290451,0.0054804614611135005,0.006394168101906332,0,0
2020-01-27,0.231222003698349,0.005366582202862541,0.006188650922097574,0,0
2020-01-28,0.23848800361156464,0.0057958268545422464,0.0061100861085865085,0,0
2020-01-29,0.23573000729084015,0.005846069232928186,0.006057282733454844,0,0
2020-01-30,0.24364200234413147,0.006449967348644947,0.006135819656492866,1,1
2020-01-31,0.23923300206661224,0.006497887874733238,0.00620823330014094,0,1
2020-02-01,0.24145500361919403,0.00663863612729057,0.006294313865570867,0,1
2020-02-02,0.25073400139808655,0.0074134599527979905,0.006518143083016292,0,1
2020-02-03,0.254626989364624,0.008246583529055496,0.006863831172224133,0,1
2020-02-04,0.26680800318717957,0.009777042322178464,0.0074464734022149995,0,1
2020-02-05,0.2774679958820343,0.011715070226098773,0.008300192766991754,0,1
2020-02-06,0.2822139859199524,0.013478560578621263,0.009335866329317656,0,1
2020-02-07,0.2792840003967285,0.014472879695370339,0.010363269002528194,0,1
2020-02-08,0.2772429883480072,0.014924155766482372,0.011275446355319031,0,1
2020-02-09,0.28245699405670166,0.015523575869996087,0.012125072258254443,0,1
2020-02-10,0.2740800082683563,0.01514805057914892,0.012729667922433338,0,1
2020-02-11,0.2801409959793091,0.01516470584583579,0.013216675507113829,0,1
2020-02-12,0.3043929934501648,0.016939569960193412,0.013961254397729748,0,1
2020-02-13,0.3267059922218323,0.01991704379841064,0.015152412277865925,0,1
2020-02-14,0.33482199907302856,0.022670278334449345,0.01665598548918261,0,1
2020-02-15,0.30623599886894226,0.022288655480769692,0.017782519487500027,0,1
2020-02-16,0.2950339913368225,0.020842054006170452,0.018394426391234113,0,1
2020-02-17,0.28657200932502747,0.0187961305934361,0.018474767231674512,0,1
2020-02-18,0.2979130148887634,0.017883693826794833,0.018356552550698575,-1,0
2020-02-19,0.2776019871234894,0.01534476601038115,0.017754195242635093,0,0
2020-02-20,0.2723959982395172,0.012765415861359819,0.01675643936638004,0,0
2020-02-21,0.2749379873275757,0.010801862414178354,0.015565523975939704,0,0
2020-02-22,0.2759009897708893,0.009217188399309961,0.014295856860613756,0,0
2020-02-23,0.282710999250412,0.008413844119368574,0.013119454312364722,0,0
2020-02-24,0.2706269919872284,0.006724592675407037,0.011840481984973186,0,0
2020-02-25,0.25341200828552246,0.003951196488971631,0.010262624885772875,0,0
2020-02-26,0.23085099458694458,-6.645912580272029e-05,0.008196808083457756,0,0
2020-02-27,0.2371159940958023,-0.0027136655967762713,0.006014713347410951,0,0
2020-02-28,0.23629599809646606,-0.004822175582850474,0.003847335561358667,0,0
2020-02-29,0.23119300603866577,-0.006826264817771821,0.0017126154855325692,0,0
2020-03-01,0.2288459986448288,-0.008505853670648544,-0.0003310783457036535,0,0
2020-03-02,0.2387470006942749,-0.008935014532397867,-0.002051865583042496,0,0
2020-03-03,0.23438100516796112,-0.009517712690768926,-0.003545035004587782,0,0
2020-03-04,0.2345300018787384,-0.00985389284714272,-0.00480680657309877,0,0
2020-03-05,0.23958200216293335,-0.009601978213686219,-0.00576584090121626,0,0
2020-03-06,0.24408799409866333,-0.008935732597573076,-0.006399819240487623,0,0
2020-03-07,0.2370709925889969,-0.008871674385177775,-0.006894190269425654,0,0
2020-03-08,0.20690399408340454,-0.011126868835910464,-0.007740725982722617,0,0
2020-03-09,0.20918099582195282,-0.012585315986703871,-0.008709643983518868,0,0
2020-03-10,0.2122350037097931,-0.01334092704556955,-0.009635900595929005,0,0
2020-03-11,0.2080959975719452,-0.01411107378307816,-0.010530935233358837,0,0
2020-03-12,0.13963499665260315,-0.020014931570611322,-0.012427734500809334,0,0
2020-03-13,0.15935200452804565,-0.022839504062852872,-0.014510088413218042,0,0
2020-03-14,0.14729200303554535,-0.025754260361727593,-0.016758922802919955,0,0
2020-03-15,0.15390199422836304,-0.027217112747325106,-0.018850560791800988,0,0
2020-03-16,0.14106300473213196,-0.02907724853349175,-0.020895898340139142,0,0
2020-03-17,0.1445239931344986,-0.029927164977353843,-0.022702151667582084,0,0
2020-03-18,0.14309999346733093,-0.030365599031010132,-0.024234841140267693,0,0
2020-03-19,0.16503700613975525,-0.028613093657231053,-0.025110491643660367,0,0
2020-03-20,0.15686799585819244,-0.027565631934910823,-0.02560151970191046,0,0
2020-03-21,0.15817900002002716,-0.02632625125710719,-0.025746466012949807,0,0
2020-03-22,0.15021400153636932,-0.025690596744622846,-0.025735292159284415,1,1
2020-03-23,0.15741899609565735,-0.024325049093421258,-0.025453243546111785,0,1
2020-03-24,0.16225500404834747,-0.022592188628665022,-0.024881032562622436,0,1
2020-03-25,0.16163299977779388,-0.021026692153601978,-0.024110164480818347,0,1
2020-03-26,0.17501899600028992,-0.01849271439438077,-0.022986674463530834,0,1
2020-03-27,0.17619499564170837,-0.016202849062976032,-0.021629909383419875,0,1
2020-03-28,0.17578299343585968,-0.014257013448661343,-0.020155330196468167,0,1
2020-03-29,0.1638289988040924,-0.013523620291847394,-0.01882898821554401,0,1
2020-03-30,0.1721709966659546,-0.01212945066386062,-0.017489080705207334,0,1
2020-03-31,0.17456300556659698,-0.01070810963944524,-0.016132886492054917,0,1
2020-04-01,0.1753229945898056,-0.009411867722288997,-0.014788682738101733,0,1
2020-04-02,0.1786399930715561,-0.008024431951359823,-0.013435832580753353,0,1
2020-04-03,0.17946699261665344,-0.006779991632061555,-0.012104664391014994,0,1
2020-04-04,0.18173199892044067,-0.0055470536524566405,-0.010793142243303324,0,1
2020-04-05,0.17940600216388702,-0.004703411915084388,-0.009575196177659536,0,1
2020-04-06,0.1955060064792633,-0.0027045080795623233,-0.008201058558040094,0,1
2020-04-07,0.19209299981594086,-0.0013798573658478086,-0.006836818319601637,0,1
2020-04-08,0.20086899399757385,0.0003737785681140471,-0.0053946989420585005,0,1
2020-04-09,0.19825699925422668,0.0015350860175537273,-0.0040087419501360555,0,1
2020-04-10,0.18746399879455566,0.0015664683299608517,-0.0028936998941166744,0,1
2020-04-11,0.18806299567222595,0.001620987347530356,-0.0019907624457872683,0,1
2020-04-12,0.19013500213623047,0.0018105171521844987,-0.001230506526192915,0,1
2020-04-13,0.18773199617862701,0.0017466837073362163,-0.0006350684794870886,0,1
2020-04-14,0.18533499538898468,0.0014855527834826687,-0.0002109442268931371,0,1
2020-04-15,0.18127000331878662,0.0009397607801800434,1.919677452149899e-05,0,1
2020-04-16,0.19010399281978607,0.0012061421533967054,0.00025658585029654025,0,1
2020-04-18,0.194924995303154,0.0017856816934403164,0.0005624050189252956,0,1
2020-04-19,0.19085900485515594,0.001895034725332867,0.00082893096020681,0,1
2020-04-20,0.18348999321460724,0.0013712729559133552,0.000937399359348119,0,1
2020-04-21,0.18432800471782684,0.0010121411715148798,0.0009523477217814712,0,1
2020-04-22,0.18796999752521515,0.0010097650837975758,0.0009638311941846922,0,1
2020-04-23,0.19171099364757538,0.0012948232233093715,0.001030029600009628,0,1
2020-04-24,0.19366499781608582,0.0016592785286962952,0.0011558793857469616,0,1
2020-04-25,0.19505399465560913,0.002036714444289628,0.0013320463974554949,0,1
2020-04-26,0.19680500030517578,0.002448897285312085,0.001555416575026813,0,1
2020-04-27,0.19797800481319427,0.002837497907433012,0.0018118328415080531,0,1
2020-04-28,0.21548399329185486,0.004506110035227939,0.0023506882802520304,0,1
2020-04-29,0.2274319976568222,0.006715192705375461,0.0032235891652767166,0,1
2020-04-30,0.21276099979877472,0.0071990930570670075,0.004018689943634775,0,1
2020-05-01,0.2192479968070984,0.008013657560542703,0.004817683467016361,0,1
2020-05-02,0.2239139974117279,0.008932741962660279,0.005640695166145145,0,1
2020-05-03,0.21941399574279785,0.009192050213377267,0.0063509661755915695,0,1
2020-05-04,0.21896299719810486,0.009254482147400794,0.006931669369953415,0,1
2020-05-05,0.21646299958229065,0.008998501862569064,0.007345035868476545,0,1
2020-05-06,0.21521000564098358,0.008595446545943436,0.007595118003969923,0,1
2020-05-07,0.21891699731349945,0.008477423094589043,0.007771579022093748,0,1
2020-05-08,0.21982699632644653,0.00836093828222928,0.007889450874120855,0,1
2020-05-09,0.2169020026922226,0.007941061079134892,0.007899772915123662,0,1
2020-05-10,0.19817599654197693,0.006027788579492793,0.007525376047997488,-1,0
2020-05-11,0.19406400620937347,0.004132071140653948,0.0068467150665287805,0,0
2020-05-12,0.19763700664043427,0.0028847589806151874,0.006054323849346062,0,0
2020-05-13,0.20148000121116638,0.0021812090320322275,0.0052797008858832956,0,0
2020-05-14,0.20312899351119995,0.0017366811471675458,0.004571096938140146,0,0
2020-05-15,0.19891099631786346,0.0010321346675667697,0.0038633044840254704,0,0
2020-05-16,0.20003199577331543,0.0005578018020173936,0.0032022039476238555,0,0
2020-05-17,0.20125499367713928,0.00027737785920523006,0.0026172387299401305,0,0
2020-05-18,0.2051759958267212,0.00036729798592349816,0.0021672505811368044,0,0
2020-05-19,0.20402799546718597,0.00034198411936184336,0.0018021972887818122,0,0
2020-05-20,0.20170700550079346,0.00013310386625384196,0.0014683786042762183,0,0
2020-05-21,0.19550900161266327,-0.0005264932674708123,0.0010694042299268123,0,0
2020-05-22,0.20034299790859222,-0.0006516537871813222,0.0007251926265051854,0,0
2020-05-23,0.19885599613189697,-0.0008609089937885173,0.00040797230244644494,0,0
2020-05-24,0.19543099403381348,-0.001288263992615224,6.872504343411118e-05,0,0
2020-05-25,0.19732700288295746,-0.0014571566448398632,-0.0002364512942206837,0,0
2020-05-26,0.19397500157356262,-0.0018402702899836532,-0.0005572150933732777,0,0
2020-05-27,0.19785700738430023,-0.0018097831348667104,-0.0008077287016719642,0,0
2020-05-28,0.20059500634670258,-0.0015468570062516507,-0.0009555543625879016,0,0
2020-05-29,0.1983480006456375,-0.0015024810696011304,-0.0010649397039905473,0,0
2020-05-30,0.20622000098228455,-0.0008226254676540756,-0.001016476856723253,1,1
2020-05-31,0.20290599763393402,-0.0005449653575337332,-0.000922174556885349,0,1
2020-06-01,0.21024900674819946,0.00026455215503792817,-0.0006848292145006937,0,1
2020-06-02,0.20276400446891785,0.00029868048414669057,-0.0004881272747712168,0,1
2020-06-03,0.20366300642490387,0.00039373069308096253,-0.00031175568120078094,0,1
2020-06-04,0.2049819976091385,0.0005689319404974247,-0.0001356181568611398,0,1
2020-06-05,0.20409199595451355,0.0006287170372154538,1.7248881954178913e-05,0,1
2020-06-06,0.20314200222492218,0.0005926093706058733,0.0001323209796845178,0,1
2020-06-07,0.20344899594783783,0.0005820560328325952,0.00022226799031413327,0,1
2020-06-08,0.20377099514007568,0.000592841176318859,0.0002963826275150784,0,1
2020-06-09,0.20201300084590912,0.00045429618918715886,0.0003279653398494945,0,1
2020-06-10,0.2029380053281784,0.000414361913647493,0.00034524465460909423,0,1
2020-06-11,0.1901800036430359,-0.0006393800254179682,0.00014831971860368174,-1,0
2020-06-12,0.19394299387931824,-0.001157493377342278,-0.0001128429005855102,0,0
2020-06-13,0.19310599565505981,-0.0016170009230660753,-0.0004136745050816232,0,0
2020-06-14,0.1916169971227646,-0.0020773671062171983,-0.0007464130253087382,0,0
2020-06-15,0.19307400286197662,-0.0022981507849743343,-0.0010567605772418575,0,0
2020-06-16,0.19130699336528778,-0.0025858977206598133,-0.0013625880059254486,0,0
2020-06-17,0.19344300031661987,-0.0026114778397297866,-0.0016123659726863162,0,0
2020-06-18,0.1909569948911667,-0.0028000726354506233,-0.0018499073052391777,0,0
2020-06-19,0.18679000437259674,-0.00324833193118107,-0.0021295922304275564,0,0
2020-06-20,0.18850000202655792,-0.003426104137136149,-0.002388894611769275,0,0
2020-06-21,0.18560999631881714,-0.00375688219954598,-0.002662492129324616,0,0
2020-06-22,0.18927200138568878,-0.0036810995684694037,-0.0028662136171535737,0,0
2020-06-23,0.1886799931526184,-0.003627001587574896,-0.0030183712112378386,0,0
2020-06-24,0.18427200615406036,-0.0038949180686670415,-0.003193680582723679,0,0
2020-06-25,0.183569997549057,-0.0041164382993387205,-0.0033782321260466875,0,0
2020-06-26,0.18267099559307098,-0.0043147983135978785,-0.003565545363556926,0,0
2020-06-27,0.17685100436210632,-0.004885309895175882,-0.0038294982698807174,0,0
2020-06-28,0.1776919960975647,-0.005209531196487621,-0.004105504855202099,0,0
2020-06-29,0.17795899510383606,-0.005382883791641951,-0.004360980642490069,0,0
2020-06-30,0.17587000131607056,-0.005624001325996136,-0.004613584779191283,0,0
2020-07-01,0.17697599530220032,-0.005660592451442792,-0.004822986313641585,0,0
2020-07-02,0.17724399268627167,-0.005603373827334723,-0.004979063816380213,0,0
2020-07-03,0.17633600533008575,-0.005567120348799526,-0.005096675122864076,0,0
2020-07-04,0.17798399925231934,-0.005343809756734208,-0.005146102049638102,0,0
2020-07-05,0.1770170032978058,-0.005185092477194314,-0.005153900135149344,0,0
2020-07-06,0.18856699764728546,-0.004080284888682367,-0.0049391770858559485,1,1
2020-07-07,0.18478700518608093,-0.00346973378474566,-0.004645288425633891,0,1
2020-07-08,0.20469200611114502,-0.0013639773328272264,-0.0039890262070725584,0,1
2020-07-09,0.20291000604629517,0.00015922190305053818,-0.003159376585047939,0,1
2020-07-10,0.1986519992351532,0.0010111270641394166,-0.0023252758552104683,0,1
2020-07-11,0.20119699835777283,0.0018700711851543372,-0.0014862064471375075,0,1
2020-07-12,0.20053799450397491,0.0024691516427957916,-0.0006951348291508477,0,1
2020-07-13,0.1985750049352646,0.0027537864329847395,-5.35057672373029e-06,0,1
2020-07-14,0.19880899786949158,0.002964074819675283,0.0005885345025560724,0,1
2020-07-15,0.19711099565029144,0.0029595988792866512,0.0010627473779021882,0,1
2020-07-16,0.19404800236225128,0.002678023120913031,0.0013858025265043568,0,1
2020-07-17,0.19428099691867828,0.002445483011350502,0.0015977386234735861,0,1
2020-07-18,0.19934099912643433,0.0026390716143193937,0.0018060052216427478,0,1
2020-07-19,0.19913500547409058,0.0027442361644434143,0.001993651410202881,0,1
2020-07-20,0.19506500661373138,0.002470684422381547,0.0020890580126386145,0,1
2020-07-21,0.19898800551891327,0.0025411530907249735,0.0021794770282558863,0,1
2020-07-22,0.203342005610466,0.0029147322189159164,0.0023265280663878926,0,1
2020-07-23,0.20757800340652466,0.003512120451583972,0.0025636465434271086,0,1
2020-07-24,0.2040490061044693,0.0036586200462273843,0.0027826412439871636,0,1
2020-07-25,0.21410199999809265,0.0045336534860093425,0.0031328436923915995,0,1
2020-07-26,0.21498200297355652,0.005237755096576258,0.0035538259732285312,0,1
2020-07-27,0.22367200255393982,0.006422931480537325,0.00412764707469029,0,1
2020-07-28,0.23027700185775757,0.00780518720752893,0.0048631551012580185,0,1
2020-07-29,0.24309900403022766,0.00982204087397262,0.00585493225580094,0,1
2020-07-30,0.24452200531959534,0.011403780563084942,0.0069647019172577405,0,1
2020-07-31,0.25890401005744934,0.013660360121242915,0.008303833558054776,0,1
2020-08-01,0.2895289957523346,0.01771568074080207,0.010186202994604234,0,1
2020-08-02,0.28706198930740356,0.02049423990592314,0.012247810376868017,0,1
2020-08-03,0.30994001030921936,0.02426264844961387,0.01465077799141719,0,1
2020-08-04,0.3004930019378662,0.02618500036220245,0.016957622465574244,0,1
2020-08-05,0.30331099033355713,0.027617508765599597,0.019089599725579318,0,1
2020-08-06,0.3035840094089508,0.028446894264126193,0.020961058633288693,0,1
2020-08-07,0.2946639955043793,0.028060948525409135,0.02238103661171278,0,1
2020-08-08,0.29402199387550354,0.027387572691057682,0.023382343827581763,0,1
2020-08-09,0.2886529862880707,0.02611959303960759,0.023929793669986932,0,1
2020-08-10,0.29465898871421814,0.025307613813467744,0.024205357698683098,0,1
2020-08-11,0.2844490110874176,0.023568570747961315,0.024078000308538742,-1,0
2020-08-12,0.2849299907684326,0.021975853668366796,0.023657570980504354,0,0
2020-08-13,0.2978070080280304,0.021504787775793455,0.023227014339562174,0,0
2020-08-14,0.300370991230011,0.02109518452250181,0.022800648376150104,0,0
2020-08-15,0.2996610105037689,0.020477232690365055,0.022335965238993095,0,0
2020-08-16,0.30349200963974,0.020065330386114744,0.021881838268417428,0,0
2020-08-17,0.3147670030593872,0.020413379846333624,0.02158814658400067,0,0
2020-08-18,0.3033069968223572,0.019539248528778086,0.021178366972956154,0,0
2020-08-19,0.29024600982666016,0.017589816214469256,0.020460656821258777,0,0
2020-08-20,0.2925730049610138,0.01604765870013619,0.01957805719703426,0,0
2020-08-21,0.2806819975376129,0.013707965939175115,0.01840403894546243,0,0
2020-08-22,0.286545991897583,0.012186440209996041,0.017160519198369154,0,0
2020-08-23,0.28538599610328674,0.010762949558701107,0.015881005270435546,0,0
2020-08-24,0.28921499848365784,0.009830471892916193,0.014670898594931677,0,0
2020-08-25,0.2779270112514496,0.008087403835467855,0.013354199643038914,0,0
2020-08-26,0.2774910032749176,0.006594806814148646,0.01200232107726086,0,0
2020-08-27,0.26451098918914795,0.004314795980755681,0.010464816057959826,0,0
2020-08-28,0.2720459997653961,0.003080374707333633,0.008987927787834589,0,0
2020-08-29,0.27449700236320496,0.0022736531224852863,0.007645072854764729,0,0
2020-08-30,0.28303399682044983,0.0022967095227121592,0.006575400188354215,0,0
2020-08-31,0.28176599740982056,0.002187449375914252,0.005697810025866223,0,0
2020-09-01,0.2956959903240204,0.0031881430047589476,0.005195876621644768,0,0
2020-09-02,0.27646100521087646,0.0024014153487624257,0.0046369843670683,0,0
2020-09-03,0.24658000469207764,-0.0006260028316377175,0.0035843869273270964,0,0
2020-09-04,0.25588300824165344,-0.002248657785755559,0.0024177779847105656,0,0
2020-09-05,0.2376919984817505,-0.0049454775991933375,0.000945126867929785,0,0
2020-09-06,0.24073100090026855,-0.006759584352982795,-0.0005958153762527311,0,0
2020-09-07,0.24217399954795837,-0.007988749759663294,-0.0020744022529348436,0,0
2020-09-08,0.23675300180912018,-0.009293175470449444,-0.003518156896437764,0,0
2020-09-09,0.2396090030670166,-0.009981427132453202,-0.004810810943640852,0,0
2020-09-10,0.2435300052165985,-0.010094120688957264,-0.005867472892704135,0,0
2020-09-11,0.24329200387001038,-0.01008636650943373,-0.006711251616050054,0,0
2020-09-12,0.24781399965286255,-0.009604617941551818,-0.0072899248811504076,0,0
2020-09-13,0.24180099368095398,-0.00959739526143702,-0.007751418957207731,0,0
2020-09-14,0.2463269978761673,-0.009121315672994595,-0.008025398300365104,0,0
2020-09-15,0.2438499927520752,-0.008841968077441698,-0.008188712255780424,0,0
2020-09-16,0.24784700572490692,-0.008203492794461392,-0.008191668363516619,0,0
2020-09-17,0.25219398736953735,-0.0072630080080024195,-0.008005936292413779,1,1
2020-09-18,0.2507070004940033,-0.006562011666711054,-0.007717151367273235,0,1
2020-09-19,0.2517159879207611,-0.005857528223773195,-0.007345226738573228,0,1
2020-09-20,0.24674299359321594,-0.005635536148184184,-0.00700328862049542,0,1
2020-09-21,0.232137992978096,-0.00656245937280997,-0.00691512277095833,0,1
2020-09-22,0.23341700434684753,-0.0071118660137096945,-0.0069544714195086035,-1,0
2020-09-23,0.22165699303150177,-0.00839938646676458,-0.0072434544289598,0,0
2020-09-24,0.23301799595355988,-0.00840611722717885,-0.00747598698860361,0,0
2020-09-25,0.24180500209331512,-0.007614636652512358,-0.007503716921385359,0,0
2020-09-26,0.24236899614334106,-0.006862763324751497,-0.007375526202058587,1,1
2020-09-27,0.2432519942522049,-0.006125042055573654,-0.0071254293727616,0,1
2020-09-28,0.24205100536346436,-0.005573059638589423,-0.006814955425927165,0,1
2020-09-29,0.24313899874687195,-0.0049902926358531274,-0.006450022867912358,0,1
2020-09-30,0.2423110008239746,-0.004542890486409379,-0.006068596391611763,0,1
2020-10-01,0.23836100101470947,-0.0044556906049756095,-0.005746015234284533,0,1
2020-10-02,0.23420199751853943,-0.004668366867307705,-0.005530485560889168,0,1
2020-10-03,0.2335049957036972,-0.00483739409091935,-0.005391867266895205,0,1
2020-10-04,0.2485020011663437,-0.0037183535130715373,-0.005057164516130473,0,1
2020-10-05,0.25089600682258606,-0.0026082631104071274,-0.004567384234985804,0,1
2020-10-06,0.2458599954843521,-0.0021105434645273258,-0.004076016080894108,0,1
2020-10-07,0.24904100596904755,-0.0014427845755059232,-0.0035493697798164715,0,1
2020-10-08,0.2516149878501892,-0.0006978377793381563,-0.0029790633797208087,0,1
2020-10-10,0.25429001450538635,0.00010715500245389586,-0.002361819703285868,0,1
2020-10-11,0.25571900606155396,0.0008506198416438904,-0.0017193317942999164,0,1
2020-10-14,0.2494480013847351,0.0009231617802756553,-0.0011908330793848022,0,1
2020-10-15,0.24593999981880188,0.0006896356895533806,-0.0008147393255971656,0,1
2020-10-16,0.24044300615787506,6.030793965944303e-05,-0.000639729872545844,0,1
2020-10-17,0.24093100428581238,-0.00039451375662896693,-0.0005906866493624686,0,1
2020-10-18,0.24222500622272491,-0.0006431344324672739,-0.0006011762059834297,-1,0
2020-10-19,0.24596400558948517,-0.0005323257881834353,-0.0005874061224234308,1,1
2020-10-20,0.24357299506664276,-0.000630179390202823,-0.0005959607759793092,-1,0
2020-10-21,0.2516149878501892,-5.813729634301934e-05,-0.0004883960800520512,1,1
2020-10-22,0.25680699944496155,0.0008048839277323139,-0.00022974007849517822,0,1
2020-10-23,0.2548789978027344,0.001318066990203648,7.982133524458702e-05,0,1
2020-10-24,0.2564310133457184,0.0018289202934012039,0.0004296411268759104,0,1
2020-10-25,0.25321298837661743,0.0019516105443154186,0.0007340350103638121,0,1
2020-10-26,0.2486879974603653,0.0016645268724325146,0.0009201333827775526,0,1
2020-10-27,0.2528989911079407,0.0017565545216478018,0.0010874176105516024,0,1
2020-10-28,0.24586500227451324,0.0012475223225356935,0.0011194385529484205,0,1
2020-10-29,0.24229499697685242,0.0005497043955257908,0.0010054917214638946,-1,0
2020-10-30,0.23918400704860687,-0.000251453625843695,0.0007541026520023767,0,0
2020-10-31,0.23974399268627167,-0.0008316047469793808,0.00043696117220602524,0,0
2020-11-01,0.23979699611663818,-0.0012724339300965726,9.508215174550567e-05,0,0
2020-11-02,0.23542100191116333,-0.00195239440699152,-0.0003144131600018995,0,0
2020-11-03,0.23950999975204468,-0.0021366896034971383,-0.0006788684487009473,0,0
2020-11-04,0.2377929985523224,-0.0023936994445720172,-0.0010218346478751614,0,0
2020-11-05,0.2457759976387024,-0.0019309613650810575,-0.0012036599913163406,0,0
2020-11-06,0.25844499468803406,-0.0005357797847345414,-0.001070083949999981,1,1
2020-11-07,0.24958199262619019,-0.00014360315794648137,-0.000884787791589281,0,1
2020-11-08,0.2539390027523041,0.0005128619945597435,-0.0006052578343594761,0,1
2020-11-09,0.25074800848960876,0.0007667897142335511,-0.00033084832464087073,0,1
2020-11-10,0.25391098856925964,0.0012093150882608872,-2.281564206051915e-05,0,1
2020-11-11,0.2562589943408966,0.001729546937577986,0.0003276568738671819,0,1
2020-11-12,0.25490298867225647,0.0020092546643300513,0.0006639764319597559,0,1
2020-11-13,0.265190988779068,0.003026196570854872,0.0011364204597387791,0,1
2020-11-14,0.268341988325119,0.0040398211443600784,0.0017171005966630391,0,1
2020-11-15,0.2696419954299927,0.004891637873912669,0.002352008052112965,0,1
2020-11-16,0.2855199873447418,0.0067698909301641685,0.0032355846277232056,0,1
2020-11-17,0.30240800976753235,0.009511499632690212,0.004490767628716607,0,1
2020-11-18,0.29422199726104736,0.01089807525799602,0.0057722291545724905,0,1
2020-11-19,0.30376601219177246,0.012621575012945974,0.007142098326247187,0,1
2020-11-20,0.32806798815727234,0.015766678886431518,0.008867014438284053,0,1
2020-11-21,0.4583440124988556,0.028443503761722444,0.012782312302971732,0,1
2020-11-22,0.44369998574256897,0.03688316209927833,0.01760248226223305,0,1
2020-11-23,0.6139799952507019,0.0566586995940318,0.025413725728592802,0,1
2020-11-24,0.6921030282974243,0.07773870796437171,0.035878722175748584,0,1
2020-11-25,0.6354830265045166,0.08885177753640755,0.046473333247880375,0,1
2020-11-26,0.5330190062522888,0.08837227455948976,0.05485312151020225,0,1
2020-11-27,0.5592679977416992,0.08908344078402863,0.06169918536496753,0,1
2020-11-28,0.6256219744682312,0.0939186211172337,0.06814307251542076,0,1
2020-11-29,0.6062459945678711,0.09509090792621472,0.07353263959757955,0,1
2020-11-30,0.6643369793891907,0.09955974785716021,0.07873806124949569,0,1
2020-12-01,0.6129230260848999,0.09782499371773351,0.08255544774314325,0,1
2020-12-02,0.6298930048942566,0.0967047716192968,0.08538531251837396,0,1
2020-12-03,0.6314830183982849,0.09485189473771705,0.08727862896224259,0,1
2020-12-04,0.5572620034217834,0.08639851257040276,0.08710260568387462,-1,0
2020-12-05,0.5844209790229797,0.08095742188818178,0.08587356892473606,0,0
2020-12-06,0.6198509931564331,0.07859819331431617,0.08441849380265208,0,0
2020-12-07,0.6089339852333069,0.07498321652537654,0.08253143834719698,0,0
2020-12-08,0.5588359832763672,0.06730003835485165,0.07948515834872792,0,0
2020-12-09,0.5835899710655212,0.06248817940266527,0.0760857625595154,0,0
2020-12-10,0.572953999042511,0.05715763482686409,0.07230013701298514,0,0
2020-12-11,0.5464829802513123,0.05021826495847004,0.06788376260208212,0,0
2020-12-12,0.506401002407074,0.041011726060233844,0.06250935529371246,0,0
2020-12-13,0.51146399974823,0.033735141514069866,0.05675451253778395,0,0
2020-12-14,0.49771198630332947,0.026552640965042618,0.050714138223235686,0,0
2020-12-15,0.46970999240875244,0.01838895423031084,0.044249101424650716,0,0
2020-12-16,0.5686280131340027,0.019674238877987582,0.03933412891531809,0,0
2020-12-17,0.5766770243644714,0.021099106789817523,0.03568712449021798,0,0
2020-12-18,0.5842800140380859,0.022581516930715306,0.033066002978317445,0,0
2020-12-19,0.5791630148887634,0.023077416488672675,0.031068285680388493,0,0
2020-12-20,0.5560579895973206,0.0213598153613882,0.029126591616588433,0,0
2020-12-21,0.5169439911842346,0.01665049477160141,0.02663137224759103,0,0
2020-12-22,0.4484480023384094,0.007307039418436578,0.02276650568176014,0,0
2020-12-23,0.25860199332237244,-0.015241013664877123,0.01516500181243269,0,0
2020-12-24,0.33781901001930237,-0.026413874279514526,0.006849226594043248,0,0
2020-12-25,0.3180910050868988,-0.03644027117414289,-0.0018086729595939805,0,0
2020-12-26,0.29471299052238464,-0.04574534943378,-0.010596008254431185,0,0
2020-12-27,0.28303900361061096,-0.05344559660527498,-0.019165925924599946,0,0
2020-12-28,0.2479580044746399,-0.06166797142449776,-0.02766633502457951,0,0
2020-12-29,0.22096200287342072,-0.06956076126615712,-0.036045220272895036,0,0
2020-12-30,0.21182799339294434,-0.07568049467597199,-0.04397227515351043,0,0
2020-12-31,0.2198459953069687,-0.0789730891358082,-0.05097243794996999,0,0
2021-01-01,0.23744399845600128,-0.07924894962509266,-0.056627740284994524,0,0
2021-01-02,0.2216549962759018,-0.07982147924644767,-0.06126648807728516,0,0
2021-01-03,0.2258480042219162,-0.0790259108886085,-0.06481837263954983,0,0
2021-01-04,0.23667700588703156,-0.07663817018039354,-0.06718233214771857,0,0
2021-01-05,0.22675000131130219,-0.07468596149845552,-0.06868305801786596,0,0
2021-01-06,0.2508949935436249,-0.07037923495705434,-0.06902229340570365,0,0
2021-01-07,0.32600200176239014,-0.060211534191131344,-0.0672601415627892,1,1
2021-01-08,0.32322999835014343,-0.051780344014919266,-0.06416418205321521,0,1
2021-01-09,0.32691600918769836,-0.04429058054492058,-0.06018946175155629,0,1
2021-01-10,0.31833600997924805,-0.03860224066289003,-0.055872017533823044,0,1
2021-01-11,0.28890499472618103,-0.0360534258391747,-0.05190829919489338,0,1
2021-01-12,0.2921229898929596,-0.03338891972935071,-0.04820442330178484,0,1
2021-01-13,0.3055799901485443,-0.029847350309762766,-0.04453300870338043,0,1
2021-01-14,0.2954379916191101,-0.027541524005484763,-0.0411347117638013,0,1
2021-01-15,0.28040599822998047,-0.026620234789522468,-0.03823181636894553,0,1
2021-01-16,0.2801879942417145,-0.02561245313175531,-0.035707943721507485,0,1
2021-01-17,0.2773840129375458,-0.024754680220369918,-0.03351729102127997,0,1
2021-01-18,0.2847689986228943,-0.02321141563147472,-0.031456115943318916,0,1
2021-01-19,0.2943139970302582,-0.02097636326714919,-0.029360165408084973,0,1
2021-01-20,0.2965179979801178,-0.01881038925047057,-0.027250210176562095,0,1
2021-01-21,0.26894599199295044,-0.0190985139115879,-0.025619870923567257,0,1
2021-01-22,0.27279898524284363,-0.018799244439120455,-0.0242557456266779,0,1
2021-01-23,0.271820992231369,-0.018428554187371826,-0.023090307338816687,0,1
2021-01-24,0.2735089957714081,-0.017793459785373444,-0.02203093782812804,0,1
2021-01-25,0.269089013338089,-0.01744569542196006,-0.021113889346894444,0,1
2021-01-26,0.26882699131965637,-0.016995321162386223,-0.0202901757099928,0,1
2021-01-27,0.2519429922103882,-0.017795656686680095,-0.01979127190533026,0,1
2021-01-28,0.2572779953479767,-0.017794316386342768,-0.019391880801532764,0,1
2021-01-29,0.2821879982948303,-0.015603359318963783,-0.01863417650501897,0,1
2021-01-30,0.44024398922920227,-0.0011005263361504314,-0.015127446471245264,0,1
2021-01-31,0.49231401085853577,0.01442836762749522,-0.00921628365149717,0,1
2021-02-01,0.37150898575782776,0.016793586051064235,-0.004014309710984888,0,1
2021-02-02,0.369269996881485,0.018276688711291178,0.000443889973470325,0,1
2021-02-03,0.3934899866580963,0.02116246133369104,0.004587604245514468,0,1
2021-02-04,0.44644901156425476,0.027406878208897922,0.00915145903819116,0,1
2021-02-05,0.45004698634147644,0.032273916447098816,0.013775950519972692,0,1
2021-02-06,0.43909600377082825,0.0348457464691464,0.017989909709807433,0,1
2021-02-07,0.41795799136161804,0.03477738727464097,0.02134740522277414,0,1
2021-02-08,0.44770199060440063,0.03670024667979871,0.024417973514179056,0,1
2021-02-09,0.47199100255966187,0.03972610902864915,0.02747960061707308,0,1
2021-02-10,0.503445029258728,0.044153232838886,0.030814327061435668,0,1
2021-02-11,0.5247870087623596,0.04882110048151067,0.03441568174545067,0,1
2021-02-12,0.6085919737815857,0.05860719227733424,0.039253983851827386,0,1
2021-02-13,0.6289960145950317,0.06723414275459527,0.04485001563238097,0,1
2021-02-14,0.5941929817199707,0.0704506381669221,0.049970140139289194,0,1
2021-02-15,0.5489150285720825,0.06855591166430486,0.05368729444429233,0,1
2021-02-16,0.5208460092544556,0.06405105133447425,0.05576004582232871,0,1
2021-02-17,0.5355370044708252,0.06096360708950854,0.056800758075764686,0,1
2021-02-18,0.5324329733848572,0.05760231231420726,0.056961068923453206,0,1
2021-02-19,0.567018985748291,0.05707138078631979,0.05698313129602653,0,1
2021-02-20,0.5175120234489441,0.05205574933989232,0.05599765490479969,-1,0
2021-02-21,0.5485600233078003,0.05000965917157568,0.054800055758154886,0,0
2021-02-22,0.571740984916687,0.04968587994671941,0.05377722059586779,0,0
2021-02-23,0.47356298565864563,0.04103412272208257,0.05122860102111075,0,0
2021-02-24,0.4718320071697235,0.03364997136779968,0.04771287509044854,0,0
2021-02-25,0.4345239996910095,0.024505054794286996,0.04307131103121623,0,0
2021-02-26,0.4278999865055084,0.016532562925092753,0.03776356140999154,0,0
2021-02-27,0.4378089904785156,0.010888365191518479,0.03238852216629693,0,0
2021-02-28,0.41495299339294434,0.004518918593526988,0.026814601451742946,0,0
2021-03-01,0.44724398851394653,0.002053033620781408,0.021862287885550637,0,0
2021-03-02,0.43683698773384094,-0.0007325120311590383,0.017343327902208702,0,0
2021-03-03,0.45027899742126465,-0.0018342748086837002,0.013507807360030223,0,0
2021-03-04,0.4866049885749817,0.00022122401672808323,0.010850490691369796,0,0
2021-03-05,0.4581190049648285,-0.00044324965894981805,0.008591742621305873,0,0
2021-03-06,0.4651060104370117,-0.0004014294565410359,0.006793108205736491,0,0
2021-03-07,0.46686699986457825,-0.0002236118569385881,0.005389764193201476,0,0
2021-03-08,0.47359699010849,0.0004551175280982922,0.0044028348601808385,0,0
2021-03-09,0.48598799109458923,0.001970154959390402,0.003916298880022751,0,0
2021-03-10,0.4631659984588623,0.001314140372402961,0.0033958671784987933,0,0
2021-03-11,0.4529600143432617,-2.895970779071e-05,0.002710901801240893,0,0
2021-03-12,0.44113099575042725,-0.0020245414850598165,0.001763813143980751,0,0
2021-03-13,0.45992401242256165,-0.002065801758532715,0.0009978901634780579,0,0
2021-03-14,0.442111998796463,-0.0034954876551187564,9.9214599758695e-05,0,0
2021-03-15,0.4375549852848053,-0.004939299761292815,-0.000908488272451607,0,0
2021-03-16,0.4625999927520752,-0.0040163109324299895,-0.0015300528044472836,0,0
2021-03-17,0.4724169969558716,-0.0024642787689732604,-0.001716897997352479,0,0
2021-03-18,0.4729189872741699,-0.0011801713930791324,-0.0016095526764978098,1,1
2021-03-19,0.47117099165916443,-0.0003000963596801465,-0.0013476614131342772,0,1
2021-03-20,0.5269910097122192,0.0048457199511716675,-0.00010898514027308831,0,1
2021-03-21,0.5198349952697754,0.008251270382200582,0.0015630659642216459,0,1
2021-03-22,0.5499420166015625,0.013227104810389079,0.003895873733455133,0,1
2021-03-23,0.5565950274467468,0.01750553886217099,0.006617806759198304,0,1
2021-03-24,0.48883700370788574,0.015252896537678806,0.008344824714894405,0,1
2021-03-25,0.5174980163574219,0.015600532232268371,0.009795966218369197,0,1
2021-03-26,0.5670549869537354,0.01964837514902007,0.011766448004499372,0,1
2021-03-27,0.5504429936408997,0.021270675686772822,0.013667293540954063,0,1
2021-03-28,0.5507559776306152,0.022324275392889503,0.015398689911341152,0,1
2021-03-29,0.5678709745407104,0.024260636450134987,0.01717107921909992,0,1
2021-03-30,0.5668590068817139,0.025420527192271947,0.018820968813734327,0,1
2021-03-31,0.573868989944458,0.026598781810720395,0.020376531413131543,0,1
2021-04-01,0.5792919993400574,0.027651400488518885,0.021831505228209012,0,1
2021-04-02,0.6165689826011658,0.03113464853909298,0.023692133890385804,0,1
2021-04-03,0.5909150242805481,0.03146240861537286,0.025246188835383217,0,1
2021-04-04,0.6467289924621582,0.03581305105298127,0.02735956127890283,0,1
2021-04-05,0.9204729795455933,0.06065067528223078,0.03401778407956842,0,1
2021-04-06,1.0962660312652588,0.09344255394338541,0.04590273805233182,0,1
2021-04-07,0.917576014995575,0.10381485012712577,0.05748516046729061,0,1
2021-04-08,1.0527559518814087,0.12154180249984203,0.0702964888738009,0,1
2021-04-09,1.0208369493484497,0.13149910341600957,0.08253701178224263,0,1
2021-04-10,1.3744159936904907,0.16600757800250288,0.09923112502629466,0,1
2021-04-11,1.3605300188064575,0.19004459481880698,0.11739381898479714,0,1
2021-04-12,1.4677350521087646,0.21526323350163612,0.13696770188816493,0,1
2021-04-13,1.7940009832382202,0.25859519582470225,0.1612932006754724,0,1
2021-04-14,1.8392360210418701,0.29320627820090317,0.18767581618055856,0,1
2021-04-15,1.7660670280456543,0.3111449982486456,0.212369652594176,0,1
2021-04-16,1.55752694606781,0.30501806299153733,0.2308993346736483,0,1
2021-04-17,1.5600550174713135,0.296943437782498,0.24410815529541824,0,1
2021-04-18,1.4059979915618896,0.2749437443093363,0.25027527309820186,0,1
2021-04-19,1.3150440454483032,0.24731866974085448,0.24968395242673241,-1,0
2021-04-20,1.3832989931106567,0.22830148555068308,0.24540745905152256,0,0
2021-04-21,1.2964979410171509,0.20387595548481996,0.23710115833818207,0,0
2021-04-22,1.159682035446167,0.17150168213428096,0.22398126309740188,0,0
2021-04-23,1.169659972190857,0.14497874859842907,0.20818076019760734,0,0
2021-04-24,1.0487060546875,0.1128977474393209,0.1891241576459501,0,0
2021-04-25,1.032256007194519,0.08516422140423385,0.16833217039760687,0,0
2021-04-26,1.3685059547424316,0.08928850056684268,0.15252343643145405,0,0
2021-04-27,1.4009549617767334,0.094090765422713,0.14083690222970585,0,0
2021-04-28,1.3586009740829468,0.09340229852313309,0.1313499814883913,0,0
2021-04-29,1.399359941482544,0.0950499153200326,0.12408996825471956,0,0
2021-04-30,1.5916739702224731,0.1105988833046061,0.12139175126469687,0,0
2021-05-01,1.6510250568389893,0.12625529666016666,0.12236446034379084,1,1
2021-05-02,1.5626410245895386,0.13003233250960755,0.12389803477695419,0,1
2021-05-03,1.555994987487793,0.13097953048598665,0.12531433391876068,0,1
2021-05-04,1.3923759460449219,0.1171767617143622,0.12368681947788099,-1,0
2021-05-05,1.6145119667053223,0.12274753128540805,0.12349896183938641,0,0
2021-05-06,1.6005810499191284,0.12460196386911893,0.12371956224533291,1,1
2021-05-07,1.5817550420761108,0.12313311169088403,0.12360227213444314,-1,0
2021-05-08,1.5625979900360107,0.11905087735213504,0.12269199317798152,0,0
2021-05-09,1.5352929830551147,0.11231766325518433,0.12061712719342209,0,0
2021-05-10,1.3890060186386108,0.09409276429978752,0.11531225461469519,0,0
2021-05-11,1.4776819944381714,0.08581558211304796,0.10941292011436575,0,0
2021-05-12,1.247864007949829,0.06001959621139785,0.09953425533377218,0,0
2021-05-13,1.3589099645614624,0.04798344885335348,0.08922409403768845,0,0
2021-05-14,1.4029170274734497,0.04151713387517675,0.07968270200518611,0,0
2021-05-15,1.4858800172805786,0.04259593319170185,0.07226534824248926,0,0
2021-05-16,1.452605962753296,0.04030138205926237,0.06587255500584388,0,0
2021-05-17,1.4962999820709229,0.04152994459839521,0.06100403292435415,0,0
2021-05-18,1.5907340049743652,0.04955241628262397,0.058713709596008114,0,0
2021-05-19,1.0703129768371582,0.013758060898551472,0.04972257985651679,0,0
2021-05-20,1.1855369806289673,-0.005251078326643288,0.03872784821988477,0,0
2021-05-21,1.0069760084152222,-0.03432861734546644,0.02411655510681453,0,0
2021-05-22,0.9063169956207275,-0.06474873449372964,0.006343497186705696,0,0
2021-05-23,0.7970150113105774,-0.09656352890535813,-0.01423790803170707,0,0
2021-05-24,0.9928349852561951,-0.10476824422472886,-0.03234397527031143,0,0
2021-05-25,0.976186990737915,-0.11133054502940065,-0.04814128922212928,0,0
2021-05-26,1.0337250232696533,-0.11061329611281501,-0.060635690600266426,0,0
2021-05-27,0.9702349901199341,-0.11385553056204567,-0.07127965859262228,0,0
2021-05-28,0.9001479744911194,-0.12068923081531358,-0.08116157303716054,0,0
2021-05-29,0.8317880034446716,-0.1301211106890685,-0.09095348056754214,0,0
2021-05-30,0.9066089987754822,-0.13005927209437784,-0.09877463887290928,0,0
2021-05-31,1.0465840101242065,-0.1173625683346009,-0.10249222476524762,0,0
2021-06-01,1.0110009908676147,-0.10891607469331177,-0.10377699475086045,0,0
2021-06-02,1.024399995803833,-0.09998837615102718,-0.10301927103089381,1,1
2021-06-03,1.045320987701416,-0.09018536083232442,-0.10045248899117994,0,1
2021-06-04,0.970196008682251,-0.08747005814447273,-0.09785600282183851,0,1
2021-06-05,0.9232860207557678,-0.08808798176328869,-0.09590239861012854,0,1
2021-06-06,0.945285975933075,-0.08581327613125644,-0.09388457411435414,0,1
2021-06-07,0.8611549735069275,-0.08976447531814602,-0.09306055435511253,0,1
2021-06-08,0.8757879734039307,-0.0906698823779919,-0.0925824199596884,0,1
2021-06-09,0.9200339913368225,-0.08681637499857509,-0.09142921096746574,0,1
2021-06-10,0.8691819906234741,-0.08686445474398774,-0.09051625972277014,0,1
2021-06-11,0.8484500050544739,-0.08756604935066736,-0.0899262176483496,0,1
2021-06-12,0.8326830267906189,-0.08837559268634299,-0.08961609265594828,0,1
2021-06-13,0.8831599950790405,-0.08397606828317938,-0.0884880877813945,0,1
2021-06-14,0.8928970098495483,-0.07879541330432793,-0.08654955288598119,0,1
2021-06-15,0.8898000121116638,-0.07408559610848553,-0.08405676153048207,0,1
2021-06-16,0.8319079875946045,-0.07416945529135455,-0.08207930028265656,0,1
2021-06-17,0.8414379954338074,-0.07262969242704087,-0.08018937871153342,0,1
2021-06-18,0.797648012638092,-0.07408885470876614,-0.07896927391097996,0,1
2021-06-19,0.7616729736328125,-0.07725755926941358,-0.0786269309826667,0,1
2021-06-20,0.7763770222663879,-0.0776867619912377,-0.07843889718438089,0,1
2021-06-21,0.6103879809379578,-0.09037900375116004,-0.08082691849773672,-1,0
2021-06-22,0.5450670123100281,-0.10450389717154762,-0.08556231423249891,0,0
2021-06-23,0.6265349984169006,-0.10788061082091505,-0.09002597355018213,0,0
2021-06-24,0.671999990940094,-0.10566993851220552,-0.09315476654258681,0,0
2021-06-25,0.6133229732513428,-0.10741450220548487,-0.09600671367516643,0,0
2021-06-26,0.615435004234314,-0.10738874761661521,-0.09828312046345619,0,0
2021-06-27,0.6469230055809021,-0.10363290277299664,-0.0993530769253643,0,0
2021-06-28,0.643746018409729,-0.09976272242458006,-0.09943500602520745,0,0
2021-06-29,0.7017250061035156,-0.090968528290851,-0.09774171047833617,1,1
2021-06-30,0.7063739895820618,-0.08267095268589886,-0.09472755891984871,0,1
2021-07-01,0.6611800193786621,-0.07883310101521435,-0.09154866733892185,0,1
2021-07-02,0.6567630171775818,-0.07528020770504673,-0.08829497541214684,0,1
2021-07-03,0.6728879809379578,-0.07035238583494186,-0.08470645749670586,0,1
2021-07-04,0.6949449777603149,-0.06393028763367525,-0.08055122352409974,0,1
2021-07-05,0.6542999744415283,-0.0614125153745384,-0.07672348189418747,0,1
2021-07-06,0.6654019951820374,-0.05785441277198855,-0.07294966806974769,0,1
2021-07-07,0.6515750288963318,-0.055510421858058434,-0.06946181882740984,0,1
2021-07-08,0.623058021068573,-0.05531622536351222,-0.06663270013463032,0,1
2021-07-09,0.6368039846420288,-0.05343714867544669,-0.0639935898427936,0,1
2021-07-10,0.6254630088806152,-0.052260660462910224,-0.061647003966816924,0,1
2021-07-11,0.6359350085258484,-0.04990797416557213,-0.05929919800656797,0,1
2021-07-12,0.6301779747009277,-0.0479552001446818,-0.05703039843419074,0,1
2021-07-13,0.6195229887962341,-0.04672872136692652,-0.0549700630207379,0,1
2021-07-14,0.6203240156173706,-0.04517138432891443,-0.053010327282373204,0,1
2021-07-15,0.5969409942626953,-0.04530178710715349,-0.05146861924732927,0,1
2021-07-16,0.5907739996910095,-0.04537964882679535,-0.05025082516322249,0,1
2021-07-17,0.582427978515625,-0.04558928407039975,-0.04931851694465794,0,1
2021-07-18,0.5879219770431519,-0.04479572451751912,-0.04841395845923018,0,1
2021-07-19,0.5575559735298157,-0.04608585649262209,-0.04794833806590856,0,1
2021-07-20,0.5293359756469727,-0.04882261662909626,-0.048123193778546104,-1,0
2021-07-21,0.569998025894165,-0.047166722509702,-0.04793189952477729,1,1
2021-07-22,0.5922060012817383,-0.0435602806757297,-0.04705757575496777,0,1
2021-07-23,0.6092240214347839,-0.03888074451809276,-0.04542220950759277,0,1
2021-07-24,0.6098269820213318,-0.03472325643306173,-0.04328241889268657,0,1
2021-07-25,0.6063569784164429,-0.03134706797671161,-0.040895348709491575,0,1
2021-07-26,0.6256179809570312,-0.026808184305658567,-0.03807791582872498,0,1
2021-07-27,0.6446040272712708,-0.021432016090385253,-0.034748735881057036,0,1
2021-07-28,0.7254449725151062,-0.010526828653379394,-0.02990435443552151,0,1
2021-07-29,0.7480170130729675,-6.22959029228376e-05,-0.023935942729001777,0,1
2021-07-30,0.7521190047264099,0.008464346422671576,-0.017455884898667107,0,1
2021-07-31,0.7477859854698181,0.01470265045305108,-0.01102417782832347,0,1
2021-08-01,0.7259219884872437,0.01767852250726787,-0.005283637761205202,0,1
2021-08-02,0.7392200231552124,0.02086939343485672,-5.3031521992817285e-05,0,1
2021-08-03,0.7127289772033691,0.021018289858491745,0.004161232754104095,0,1
2021-08-04,0.7304880023002625,0.022312096296607575,0.007791405462604792,0,1
2021-08-05,0.7331510186195374,0.023283927755966882,0.01088990992127721,0,1
2021-08-06,0.7465130090713501,0.024845904032179678,0.013681108743457704,0,1
2021-08-07,0.8162810206413269,0.03135206979796079,0.017215300954358324,0,1
2021-08-08,0.7787389755249023,0.03309739755618879,0.02039172027472442,0,1
2021-08-09,0.8185529708862305,0.03726368648326894,0.023766113516433325,0,1
2021-08-10,0.8512470126152039,0.042711287273654364,0.027555148267877534,0,1
2021-08-11,1.0125240087509155,0.05935801365559534,0.0339157213454211,0,1
2021-08-12,0.9645490050315857,0.06789681022616545,0.04071193912156997,0,1
2021-08-13,1.089959979057312,0.08381729196041754,0.049333009689339485,0,1
2021-08-14,1.2361071109771729,0.1069938817120808,0.06086518409388775,0,1
