Date,Close,macd_signal,aroon_signal,rsi_signal,ao_signal,bollinger_signal,Returns,Binary Return
2019-09-02,0.2608200013637543,0,0,0,0,0,0.010718738216542567,1
2019-09-03,0.263139009475708,1,0,1,0,0,0.008891220381214149,1
2019-09-04,0.2599050104618072,0,0,0,0,0,-0.01229007823790329,0
2019-09-05,0.2563459873199463,0,0,0,0,0,-0.013693553408366865,0
2019-09-06,0.2523399889469147,0,0,0,0,0,-0.015627310631672664,0
2019-09-07,0.260686993598938,-1,0,0,0,0,0.03307840618864133,1
2019-09-08,0.2630839943885803,0,0,0,0,0,0.00919493817681638,1
2019-09-09,0.2595619857311249,1,0,0,0,0,-0.013387392363571005,0
2019-09-10,0.2586709856986999,0,0,0,0,0,-0.003432706179663625,0
2019-09-11,0.2559559941291809,0,0,0,0,0,-0.010495926175042358,0
2019-09-12,0.2548109889030456,-1,0,0,0,0,-0.004473445640649554,0
2019-09-13,0.2555510103702545,0,0,0,0,0,0.0029041976187711427,1
2019-09-14,0.2611669898033142,0,0,0,0,0,0.02197596254823253,1
2019-09-15,0.2616280019283294,0,0,0,0,0,0.0017652005920134606,1
2019-09-16,0.2609519958496094,1,0,0,0,0,-0.002583844518696532,0
2019-09-17,0.2850129902362823,0,0,0,0,0,0.0922046766047333,1
2019-09-18,0.3137759864330292,0,0,0,0,0,0.10091819384408307,1
2019-09-19,0.3024410009384155,0,0,0,0,0,-0.03612445178953472,0
2019-09-20,0.2944700121879577,0,0,0,0,0,-0.026355516367573828,0
2019-09-21,0.2894429862499237,0,0,0,0,-1,-0.017071435901681253,0
2019-09-22,0.2789309918880462,0,0,0,0,-1,-0.03631801377560684,0
2019-09-23,0.2686749994754791,0,0,0,0,0,-0.03676892389456499,0
2019-09-24,0.2352260053157806,0,0,0,0,0,-0.12449611696287088,0
2019-09-25,0.2464410066604614,-1,0,0,0,1,0.04767755729059431,1
2019-09-26,0.2437839955091476,0,0,0,0,1,-0.01078153018168182,0
2019-09-27,0.2440209984779358,0,0,0,0,1,0.0009721842826195815,1
2019-09-28,0.2425709962844848,0,0,0,0,1,-0.0059421205654237585,0
2019-09-29,0.2413879930973053,0,0,0,0,1,-0.004876935846823582,0
2019-09-30,0.2559329867362976,0,0,0,0,1,0.06025566330935561,1
2019-10-01,0.2495650053024292,0,0,0,0,0,-0.024881440704748625,0
2019-10-02,0.2535389959812164,0,0,0,0,0,0.01592366956245095,1
2019-10-03,0.2478599995374679,0,0,0,0,0,-0.022398907204670082,0
2019-10-04,0.2539350092411041,0,0,0,0,0,0.024509843116972574,1
2019-10-05,0.2534570097923279,0,0,0,0,0,-0.0018823692337844866,0
2019-10-06,0.2577050030231476,0,0,0,-1,0,0.016760212054503176,1
2019-10-07,0.2756850123405456,0,0,0,0,0,0.06976973324721603,1
2019-10-08,0.2784590125083923,1,0,0,0,0,0.010062208838614861,1
2019-10-09,0.2816269993782043,0,0,0,0,0,0.011376851628088547,1
2019-10-10,0.2720730006694793,0,0,0,1,-1,-0.03392429962261767,0
2019-10-11,0.2710990011692047,0,0,0,0,0,-0.0035799197196264565,0
2019-10-12,0.2731910049915313,0,0,0,0,0,0.00771675223185686,1
2019-10-13,0.2777650058269501,0,0,0,0,-1,0.016742867634168768,1
2019-10-14,0.2965230047702789,0,0,0,0,-1,0.06753190124682296,1
2019-10-15,0.2887020111083984,0,1,0,0,-1,-0.026375672497786606,0
2019-10-16,0.2846400141716003,0,0,0,0,-1,-0.014069860203616447,0
2019-10-17,0.3023149967193603,0,0,0,0,-1,0.06209591648314183,1
2019-10-18,0.2950049936771393,0,0,0,0,-1,-0.02418008739740729,0
2019-10-19,0.2930220067501068,0,0,0,0,-1,-0.006721875797135457,0
2019-10-20,0.2941789925098419,0,0,0,0,-1,0.003948460296778311,1
2019-10-21,0.2929790019989013,0,0,0,0,-1,-0.004079116937285909,0
2019-10-22,0.291606992483139,0,0,0,0,0,-0.004682961940622232,0
2019-10-23,0.2741430103778839,0,0,0,0,0,-0.05988876314845182,0
2019-10-24,0.2784909904003143,-1,0,0,0,0,0.015860262191025765,1
2019-10-25,0.2981649935245514,0,0,0,0,0,0.07064502552113772,1
2019-10-26,0.2936989963054657,0,0,0,0,-1,-0.014978274834661187,0
2019-10-27,0.2980999946594238,0,0,0,0,0,0.014984723847611514,1
2019-10-28,0.2960070073604584,1,0,0,0,-1,-0.007021091366863685,0
2019-10-29,0.3019559979438782,0,0,0,0,0,0.020097465382552526,1
2019-10-30,0.2965550124645233,0,0,0,0,-1,-0.01788666400446426,0
2019-10-31,0.2963579893112182,0,0,0,0,0,-0.0006643730337509979,0
2019-11-01,0.2926419973373413,-1,0,0,0,0,-0.012538862146127538,0
2019-11-02,0.2962630093097687,0,0,0,0,0,0.012373521249081865,1
2019-11-03,0.2912609875202179,0,0,0,0,0,-0.016883720317310114,0
2019-11-04,0.2999370098114013,0,0,0,0,0,0.02978779398178477,1
2019-11-05,0.3012549877166748,0,0,0,0,0,0.0043941823188216045,1
2019-11-06,0.3100860118865967,0,0,0,0,-1,0.02931411770757908,1
2019-11-07,0.2924309968948364,1,0,0,0,-1,-0.056935863969952205,0
2019-11-08,0.2769530117511749,-1,0,0,0,0,-0.05292867482590313,0
2019-11-09,0.2801960110664367,0,0,0,0,1,0.011709565080214368,1
2019-11-10,0.2802039980888366,0,0,0,0,1,2.850512528529414e-05,1
2019-11-11,0.275085985660553,0,0,0,0,1,-0.01826530835816631,0
2019-11-12,0.2724179923534393,0,0,0,-1,1,-0.009698761282611934,0
2019-11-13,0.2730360031127929,0,0,0,0,1,0.002268612120714275,1
2019-11-14,0.2703909873962402,0,0,0,0,1,-0.009687424685381418,0
2019-11-15,0.2616539895534515,0,0,0,0,1,-0.0323124595494938,0
2019-11-16,0.2638860046863556,0,0,0,0,1,0.00853040741596689,1
2019-11-17,0.2652530074119568,0,0,0,0,1,0.005180277473320283,1
2019-11-18,0.2556529939174652,0,0,0,0,1,-0.03619191197173521,0
2019-11-19,0.2565000057220459,0,0,0,0,1,0.0033131307856075765,1
2019-11-20,0.25136399269104,0,0,0,0,1,-0.02002344216932106,0
2019-11-21,0.2437659949064254,0,0,0,0,1,-0.030227073111277147,0
2019-11-22,0.2316000014543533,0,0,-1,0,1,-0.04990849300675537,0
2019-11-23,0.236187994480133,0,0,0,0,1,0.019809987033544862,1
2019-11-24,0.2231840044260025,0,0,0,0,1,-0.055057794460523835,0
2019-11-25,0.2186219990253448,0,-1,0,0,1,-0.020440557164437156,0
2019-11-26,0.2221450060606002,0,0,0,0,1,0.01611460443579138,1
2019-11-27,0.2250809967517852,0,0,0,0,1,0.013216550501180535,1
2019-11-28,0.2245700061321258,0,0,0,0,1,-0.002270252162704378,0
2019-11-29,0.2302169948816299,0,0,0,0,1,0.0251457834764528,1
2019-11-30,0.2264740020036697,0,0,0,0,0,-0.01625854285816175,0
2019-12-01,0.2253330051898956,0,0,0,0,0,-0.005038091806032652,0
2019-12-02,0.2195809930562973,0,0,0,0,0,-0.025526718239748725,0
2019-12-03,0.2198700010776519,0,0,0,0,1,0.001316179589735622,1
2019-12-04,0.2163480073213577,0,0,0,0,1,-0.01601852794392955,0
2019-12-05,0.2229280024766922,0,0,0,0,1,0.030413939267583512,1
2019-12-06,0.225504994392395,1,0,0,0,0,0.011559749726695934,1
2019-12-07,0.2284449934959411,0,0,0,0,0,0.013037401284471395,1
2019-12-08,0.2304349988698959,0,0,0,0,0,0.008711092081736371,1
2019-12-09,0.2254520058631897,0,0,0,0,0,-0.02162428898016322,0
2019-12-10,0.2243019938468933,0,0,0,0,0,-0.005100917208047617,0
2019-12-11,0.2220530062913894,0,0,0,0,0,-0.010026605278591671,0
2019-12-12,0.2198590040206909,0,0,0,0,0,-0.009880533965027416,0
2019-12-13,0.2207549959421157,0,0,0,0,0,0.0040753023757920115,1
2019-12-14,0.2173559963703155,0,0,0,0,0,-0.015397158090553309,0
2019-12-15,0.2186010032892227,0,0,0,0,1,0.005727962143662335,1
2019-12-16,0.2072249948978424,0,0,0,0,1,-0.052040055718907685,0
2019-12-17,0.1836989969015121,0,0,0,0,1,-0.11352876619892371,0
2019-12-18,0.1961760073900222,-1,0,0,0,1,0.06792095057111003,1
2019-12-19,0.1908189952373504,0,0,0,0,1,-0.027307172900207788,0
2019-12-20,0.1953160017728805,0,0,0,0,1,0.02356687042574812,1
2019-12-21,0.1940820068120956,0,0,0,0,1,-0.006317940924368548,0
2019-12-22,0.1969780027866363,0,0,0,0,1,0.014921506749178137,1
2019-12-23,0.1909430027008056,0,0,0,0,1,-0.030637939264556935,0
2019-12-24,0.1921979933977127,0,0,0,0,1,0.006572593282580641,1
2019-12-25,0.1907189935445785,0,0,0,0,1,-0.007695188836200462,0
2019-12-26,0.1903939992189407,0,0,0,0,1,-0.0017040480321213192,0
2019-12-27,0.191101998090744,1,0,0,0,1,0.0037185986675405402,1
2019-12-28,0.1932220011949539,0,0,0,0,0,0.01109356848902876,1
2019-12-29,0.197051003575325,0,0,0,0,0,0.019816596229679906,1
2019-12-30,0.194473996758461,0,0,0,0,0,-0.013077866999438692,0
2019-12-31,0.1928939968347549,0,0,0,0,0,-0.008124479107962657,0
2020-01-01,0.192667007446289,0,0,0,0,0,-0.0011767571422159895,0
2020-01-02,0.1880429983139038,0,0,0,0,0,-0.024000004949857656,0
2020-01-03,0.1935209929943084,0,0,0,0,0,0.02913160675762061,1
2020-01-04,0.1943549960851669,0,0,0,0,0,0.004309625937497286,1
2020-01-05,0.1955370008945465,0,0,0,0,0,0.006081679571857457,1
2020-01-06,0.2215099930763244,0,0,0,0,0,0.13282904035019527,1
2020-01-07,0.213917002081871,0,1,0,0,-1,-0.03427832256686103,0
2020-01-08,0.2090259939432144,0,0,0,0,-1,-0.02286404582644963,0
2020-01-09,0.2048989981412887,0,0,0,1,-1,-0.019743935785550448,0
2020-01-10,0.2123059928417205,0,0,0,0,0,0.036149492030821406,1
2020-01-11,0.2118510007858276,0,0,0,0,-1,-0.0021430956790376987,0
2020-01-12,0.2156330049037933,0,0,0,0,-1,0.01785218905710595,1
2020-01-13,0.2126169949769973,0,0,0,0,-1,-0.013986773166480893,0
2020-01-14,0.2346870005130767,0,0,0,0,-1,0.10380170004033373,1
2020-01-15,0.2328950017690658,0,0,0,0,-1,-0.007635696651681623,0
2020-01-16,0.2285739928483963,0,0,0,0,-1,-0.018553463525825764,0
2020-01-17,0.2387759983539581,0,0,0,0,-1,0.044633273359005354,1
2020-01-18,0.2432859987020492,0,0,0,0,-1,0.018887997031450166,1
2020-01-19,0.2355850040912628,0,0,0,0,-1,-0.031654080595972856,0
2020-01-20,0.2332960069179535,0,0,0,0,-1,-0.00971622613306311,0
2020-01-21,0.2371660023927688,0,0,0,0,-1,0.016588348536013875,1
2020-01-22,0.2360559999942779,0,0,0,0,-1,-0.004680276208613776,0
2020-01-23,0.2261040061712265,0,0,0,0,0,-0.04215946141293858,0
2020-01-24,0.2230409979820251,0,0,0,0,0,-0.013546899239289978,0
2020-01-25,0.220427006483078,-1,0,0,0,0,-0.011719780321094775,0
2020-01-26,0.2306859940290451,0,0,0,0,0,0.04654142752129009,1
2020-01-27,0.231222003698349,0,0,0,0,0,0.0023235466529294424,1
2020-01-28,0.2384880036115646,0,0,0,0,0,0.03142434455630272,1
2020-01-29,0.2357300072908401,0,0,0,0,-1,-0.011564507559954973,0
2020-01-30,0.2436420023441314,0,0,0,0,0,0.03356380099513423,1
2020-01-31,0.2392330020666122,1,0,0,0,-1,-0.018096224112013837,0
2020-02-01,0.241455003619194,0,0,0,0,0,0.009288022694975417,1
2020-02-02,0.2507340013980865,0,0,0,0,-1,0.0384295112538926,1
2020-02-03,0.254626989364624,0,0,0,0,-1,0.015526366367665911,1
2020-02-04,0.2668080031871795,0,0,0,0,-1,0.04783865941686316,1
2020-02-05,0.2774679958820343,0,0,1,0,-1,0.0399537966159742,1
2020-02-06,0.2822139859199524,0,0,0,0,-1,0.017104639484028406,1
2020-02-07,0.2792840003967285,0,0,0,0,-1,-0.01038214145791816,0
2020-02-08,0.2772429883480072,0,0,0,0,-1,-0.007308016376956883,0
2020-02-09,0.2824569940567016,0,0,0,0,-1,0.01880662786014109,1
2020-02-10,0.2740800082683563,0,0,0,0,-1,-0.029657561910694463,0
2020-02-11,0.2801409959793091,0,0,0,0,-1,0.02211393581475063,1
2020-02-12,0.3043929934501648,0,0,0,0,-1,0.08657068340203566,1
2020-02-13,0.3267059922218323,0,0,0,0,-1,0.07330326010056654,1
2020-02-14,0.3348219990730285,0,0,0,0,-1,0.024841928352772547,1
2020-02-15,0.3062359988689422,0,0,0,0,-1,-0.08537670846965872,0
2020-02-16,0.2950339913368225,0,0,0,0,-1,-0.03657965612629932,0
2020-02-17,0.2865720093250274,0,0,0,0,0,-0.028681379977450017,0
2020-02-18,0.2979130148887634,0,0,0,0,0,0.03957471488736064,1
2020-02-19,0.2776019871234894,-1,0,0,0,0,-0.06817771211794121,0
2020-02-20,0.2723959982395172,0,0,0,0,0,-0.018753428020874763,0
2020-02-21,0.2749379873275757,0,0,0,0,0,0.009331961939555766,1
2020-02-22,0.2759009897708893,0,0,0,0,0,0.003502616908904077,1
2020-02-23,0.282710999250412,0,0,0,0,0,0.02468280191810046,1
2020-02-24,0.2706269919872284,0,0,0,0,0,-0.04274332196208663,0
2020-02-25,0.2534120082855224,0,0,0,0,0,-0.06361148078872492,0
2020-02-26,0.2308509945869445,0,0,0,0,1,-0.08902898426643668,0
2020-02-27,0.2371159940958023,0,0,0,-1,1,0.027138715690038895,1
2020-02-28,0.236295998096466,0,0,0,0,1,-0.003458206193399982,0
2020-02-29,0.2311930060386657,0,0,0,0,1,-0.021595761667182578,0
2020-03-01,0.2288459986448288,0,0,0,0,1,-0.010151723160018,0
2020-03-02,0.2387470006942749,0,0,0,0,1,0.04326491224700213,1
2020-03-03,0.2343810051679611,0,0,0,0,1,-0.018287121989459587,0
2020-03-04,0.2345300018787384,0,-1,0,0,1,0.0006357030113022244,1
2020-03-05,0.2395820021629333,0,0,0,0,0,0.021540955288129826,1
2020-03-06,0.2440879940986633,0,0,0,0,0,0.018807723013624322,1
2020-03-07,0.2370709925889969,0,0,0,0,0,-0.02874783553192728,0
2020-03-08,0.2069039940834045,0,0,0,0,0,-0.12724879655729127,0
2020-03-09,0.2091809958219528,0,0,0,0,1,0.01100511253364389,1
2020-03-10,0.2122350037097931,0,0,0,0,1,0.014599834348430818,1
2020-03-11,0.2080959975719452,0,0,0,0,1,-0.01950199573821254,0
2020-03-12,0.1396349966526031,0,0,0,0,1,-0.328987590910647,0
2020-03-13,0.1593520045280456,0,0,-1,0,1,0.14120391268742116,1
2020-03-14,0.1472920030355453,0,0,0,0,1,-0.07568151733151107,0
2020-03-15,0.153901994228363,0,0,0,0,1,0.04487678255840244,1
2020-03-16,0.1410630047321319,0,0,0,0,1,-0.08342315225090813,0
2020-03-17,0.1445239931344986,0,0,0,0,1,0.024535053743813595,1
2020-03-18,0.1430999934673309,0,0,0,0,1,-0.009853032955174923,0
2020-03-19,0.1650370061397552,0,0,0,0,1,0.15329848828702008,1
2020-03-20,0.1568679958581924,0,0,0,0,0,-0.04949805181660405,0
2020-03-21,0.1581790000200271,0,0,0,0,0,0.008357371780409961,1
2020-03-22,0.1502140015363693,0,0,0,0,0,-0.050354335800892436,0
2020-03-23,0.1574189960956573,1,0,0,0,0,0.04796486669415789,1
2020-03-24,0.1622550040483474,0,0,0,0,0,0.030720612331636588,1
2020-03-25,0.1616329997777938,0,0,0,0,0,-0.003833498228308918,0
2020-03-26,0.1750189960002899,0,0,0,0,0,0.08281722322111573,1
2020-03-27,0.1761949956417083,0,0,0,0,0,0.006719268583945226,1
2020-03-28,0.1757829934358596,0,0,0,0,0,-0.002338330917675435,0
2020-03-29,0.1638289988040924,0,0,0,0,0,-0.06800427275764309,0
2020-03-30,0.1721709966659546,0,0,0,0,0,0.05091893329481678,1
2020-03-31,0.1745630055665969,0,0,0,0,0,0.013893216319606161,1
2020-04-01,0.1753229945898056,0,0,0,0,-1,0.00435366600581788,1
2020-04-02,0.1786399930715561,0,0,0,0,-1,0.018919357894331634,1
2020-04-03,0.1794669926166534,0,0,0,0,-1,0.004629419934907952,1
2020-04-04,0.1817319989204406,0,0,0,0,-1,0.01262074028635074,1
2020-04-05,0.179406002163887,0,0,0,0,-1,-0.012799048986259609,0
2020-04-06,0.1955060064792633,0,1,0,0,-1,0.08974061135741151,1
2020-04-07,0.1920929998159408,0,0,0,1,-1,-0.017457298242570918,0
2020-04-08,0.2008689939975738,0,0,0,0,-1,0.04568617383268503,1
2020-04-09,0.1982569992542266,0,0,0,0,-1,-0.013003474012413974,0
2020-04-10,0.1874639987945556,0,0,0,0,-1,-0.05443944224047814,0
2020-04-11,0.1880629956722259,0,0,0,0,0,0.003195263525380909,1
2020-04-12,0.1901350021362304,0,0,0,0,0,0.011017619157868808,1
2020-04-13,0.187731996178627,0,0,0,0,0,-0.012638419704972037,0
2020-04-14,0.1853349953889846,0,0,0,0,0,-0.012768205944828082,0
2020-04-15,0.1812700033187866,0,0,0,0,0,-0.02193321375526691,0
2020-04-16,0.190103992819786,0,0,0,0,0,0.048733873996039456,1
2020-04-18,0.194924995303154,0,0,0,0,0,0.025359817076215707,1
2020-04-19,0.1908590048551559,0,0,0,0,-1,-0.020859256359988754,0
2020-04-20,0.1834899932146072,0,0,0,0,0,-0.03860971425551063,0
2020-04-21,0.1843280047178268,0,0,0,0,0,0.004567069236519394,1
2020-04-22,0.1879699975252151,0,0,0,0,0,0.01975821749366591,1
2020-04-23,0.1917109936475753,0,0,0,0,0,0.019902091672147737,1
2020-04-24,0.1936649978160858,0,0,0,0,0,0.010192447137917116,1
2020-04-25,0.1950539946556091,0,0,0,0,0,0.007172162523877423,1
2020-04-26,0.1968050003051757,0,0,0,0,0,0.008977030450764145,1
2020-04-27,0.1979780048131942,0,0,0,0,-1,0.005960237322220285,1
2020-04-28,0.2154839932918548,0,0,0,0,-1,0.08842390595449579,1
2020-04-29,0.2274319976568222,0,0,0,0,-1,0.05544729416994265,1
2020-04-30,0.2127609997987747,0,0,1,0,-1,-0.06450718460550542,0
2020-05-01,0.2192479968070984,0,0,0,0,-1,0.030489596375552708,1
2020-05-02,0.2239139974117279,0,0,0,0,-1,0.02128183916195514,1
2020-05-03,0.2194139957427978,0,0,0,0,-1,-0.02009700921312041,0
2020-05-04,0.2189629971981048,0,0,0,0,-1,-0.0020554684452384064,0
2020-05-05,0.2164629995822906,0,0,0,0,-1,-0.011417443347984335,0
2020-05-06,0.2152100056409835,0,0,0,0,0,-0.005788490151781178,0
2020-05-07,0.2189169973134994,0,0,0,0,0,0.017224996865154774,1
2020-05-08,0.2198269963264465,0,0,0,0,0,0.0041568221020495955,1
2020-05-09,0.2169020026922226,0,0,0,0,0,-0.013305889099627488,0
2020-05-10,0.1981759965419769,0,0,0,0,0,-0.08633394767136993,0
2020-05-11,0.1940640062093734,-1,0,0,0,0,-0.02074918458519026,0
2020-05-12,0.1976370066404342,0,0,0,0,1,0.01841145352428697,1
2020-05-13,0.2014800012111663,0,0,0,0,0,0.019444711474120524,1
2020-05-14,0.2031289935111999,0,0,0,0,0,0.008184396913445191,1
2020-05-15,0.1989109963178634,0,0,0,-1,0,-0.0207651163943956,0
2020-05-16,0.2000319957733154,0,0,0,0,1,0.005635683678647085,1
2020-05-17,0.2012549936771392,0,0,0,0,1,0.006114011406503916,1
2020-05-18,0.2051759958267212,0,0,0,0,0,0.019482757063271627,1
2020-05-19,0.2040279954671859,0,0,0,0,0,-0.005595198185390227,0
2020-05-20,0.2017070055007934,0,0,0,0,0,-0.011375840658914727,0
2020-05-21,0.1955090016126632,0,0,0,0,0,-0.03072775718791687,0
2020-05-22,0.2003429979085922,0,0,0,0,1,0.024725185316561316,1
2020-05-23,0.1988559961318969,0,0,0,0,0,-0.007422279751318039,0
2020-05-24,0.1954309940338134,0,0,0,0,0,-0.01722352941176475,0
2020-05-25,0.1973270028829574,0,0,0,0,1,0.009701679401047159,1
2020-05-26,0.1939750015735626,0,0,0,0,0,-0.016987038065859772,0
2020-05-27,0.1978570073843002,0,-1,0,0,1,0.020012918052563666,1
2020-05-28,0.2005950063467025,0,0,0,0,0,0.013838271378906697,1
2020-05-29,0.1983480006456375,0,0,0,0,0,-0.011201703083183023,0
2020-05-30,0.2062200009822845,0,0,0,0,0,0.03968782297287099,1
2020-05-31,0.202905997633934,1,0,0,0,-1,-0.016070232434123533,0
2020-06-01,0.2102490067481994,0,0,0,0,0,0.036189216681081326,1
2020-06-02,0.2027640044689178,0,0,0,0,-1,-0.03560065464778095,0
2020-06-03,0.2036630064249038,0,0,0,0,0,0.004433735456846444,1
2020-06-04,0.2049819976091385,0,0,0,0,0,0.006476341518218076,1
2020-06-05,0.2040919959545135,0,0,0,0,0,-0.004341852772466681,0
2020-06-06,0.2031420022249221,0,0,0,1,0,-0.0046547329068363785,0
2020-06-07,0.2034489959478378,0,0,0,0,0,0.0015112272181692088,1
2020-06-08,0.2037709951400756,0,0,0,0,0,0.0015827022922263456,1
2020-06-09,0.2020130008459091,0,0,0,0,0,-0.008627303866077907,0
2020-06-10,0.2029380053281784,0,0,0,0,0,0.0045789354071072985,1
2020-06-11,0.1901800036430359,0,0,0,0,0,-0.06286649789678922,0
2020-06-12,0.1939429938793182,-1,0,0,0,1,0.019786466317170737,1
2020-06-13,0.1931059956550598,0,0,0,-1,1,-0.004315691985136816,0
2020-06-14,0.1916169971227646,0,0,0,0,1,-0.007710783537529076,0
2020-06-15,0.1930740028619766,0,0,0,0,1,0.0076037395486296955,1
2020-06-16,0.1913069933652877,0,0,0,0,1,-0.009151980434942808,0
2020-06-17,0.1934430003166198,0,0,0,0,1,0.011165336477028553,1
2020-06-18,0.1909569948911667,0,0,0,0,1,-0.01285135890874367,0
2020-06-19,0.1867900043725967,0,0,0,0,1,-0.02182161758957768,0
2020-06-20,0.1885000020265579,0,0,0,0,1,0.009154652893257564,1
2020-06-21,0.1856099963188171,0,0,0,0,1,-0.015331595101699791,0
2020-06-22,0.1892720013856887,0,0,0,0,1,0.019729568124022157,1
2020-06-23,0.1886799931526184,0,0,0,0,0,-0.0031278172615923916,0
2020-06-24,0.1842720061540603,0,0,0,0,0,-0.023362238491245857,0
2020-06-25,0.183569997549057,0,0,0,0,1,-0.0038096323997058867,0
2020-06-26,0.1826709955930709,0,0,0,0,1,-0.00489732509663432,0
2020-06-27,0.1768510043621063,0,0,0,0,1,-0.03186051081655883,0
2020-06-28,0.1776919960975647,0,0,0,0,1,0.004755368726865994,1
2020-06-29,0.177958995103836,0,0,0,0,1,0.001502594445079497,1
2020-06-30,0.1758700013160705,0,0,0,0,1,-0.011738624319308055,0
2020-07-01,0.1769759953022003,0,0,0,0,1,0.006288701756146153,1
2020-07-02,0.1772439926862716,0,0,0,0,1,0.0015143148855509825,1
2020-07-03,0.1763360053300857,0,0,0,0,1,-0.005122810327304439,0
2020-07-04,0.1779839992523193,0,0,0,0,1,0.009345759643067275,1
2020-07-05,0.1770170032978058,0,0,0,0,0,-0.005433049929070677,0
2020-07-06,0.1885669976472854,0,0,0,0,0,0.06524793739756407,1
2020-07-07,0.1847870051860809,1,0,0,0,0,-0.0200458855916823,0
2020-07-08,0.204692006111145,0,0,0,0,0,0.1077186185523149,1
2020-07-09,0.2029100060462951,0,0,0,0,-1,-0.008705762861507593,0
2020-07-10,0.1986519992351532,0,0,0,1,-1,-0.02098470594974222,0
2020-07-11,0.2011969983577728,0,0,0,0,-1,0.012811344121470336,1
2020-07-12,0.2005379945039749,0,0,0,0,-1,-0.0032754159315342424,0
2020-07-13,0.1985750049352646,0,0,0,0,-1,-0.009788616733530708,0
2020-07-14,0.1988089978694915,0,0,0,0,-1,0.0011783604603368136,1
2020-07-15,0.1971109956502914,0,0,0,0,-1,-0.008540872080220252,0
2020-07-16,0.1940480023622512,0,0,0,0,0,-0.015539433900858879,0
2020-07-17,0.1942809969186782,0,0,0,0,0,0.0012007057717196012,1
2020-07-18,0.1993409991264343,0,0,0,0,0,0.02604476139204759,1
2020-07-19,0.1991350054740905,0,0,0,0,0,-0.0010333732310288113,0
2020-07-20,0.1950650066137313,0,0,0,0,0,-0.02043838977817858,0
2020-07-21,0.1989880055189132,0,0,0,0,0,0.02011123867516762,1
2020-07-22,0.203342005610466,0,0,0,0,0,0.021880716278343426,1
2020-07-23,0.2075780034065246,0,0,0,0,0,0.02083188755486809,1
2020-07-24,0.2040490061044693,0,1,0,0,-1,-0.017000824962864924,0
2020-07-25,0.2141019999980926,0,0,0,0,0,0.04926754648575127,1
2020-07-26,0.2149820029735565,0,0,0,0,-1,0.0041102043674123845,1
2020-07-27,0.2236720025539398,0,0,0,0,-1,0.04042198630669658,1
2020-07-28,0.2302770018577575,0,0,0,0,-1,0.029529843826676005,1
2020-07-29,0.2430990040302276,0,0,0,0,-1,0.05568077606112953,1
2020-07-30,0.2445220053195953,0,0,0,0,-1,0.005853587492241408,1
2020-07-31,0.2589040100574493,0,0,0,0,-1,0.058816811677363745,1
2020-08-01,0.2895289957523346,0,0,0,0,-1,0.11828702725805518,1
2020-08-02,0.2870619893074035,0,0,0,0,-1,-0.008520757786350974,0
2020-08-03,0.3099400103092193,0,0,0,0,-1,0.07969714505572045,1
2020-08-04,0.3004930019378662,0,0,0,0,-1,-0.030480118916973775,0
2020-08-05,0.3033109903335571,0,0,0,0,-1,0.009377883603004955,1
2020-08-06,0.3035840094089508,0,0,0,0,-1,0.0009001291878460993,1
2020-08-07,0.2946639955043793,0,0,0,0,-1,-0.029382357529100234,0
2020-08-08,0.2940219938755035,0,0,0,0,-1,-0.0021787583100435493,0
2020-08-09,0.2886529862880707,0,0,0,0,-1,-0.01826056451309621,0
2020-08-10,0.2946589887142181,0,0,0,0,0,0.020806999100828616,1
2020-08-11,0.2844490110874176,0,0,0,0,0,-0.03465014819793222,0
2020-08-12,0.2849299907684326,-1,0,0,0,0,0.0016909170440644328,1
2020-08-13,0.2978070080280304,0,0,0,0,0,0.045193618351194065,1
2020-08-14,0.300370991230011,0,0,0,0,0,0.008609546225786913,1
2020-08-15,0.2996610105037689,0,0,0,0,0,-0.0023636794063724986,0
2020-08-16,0.30349200963974,0,0,0,0,0,0.012784443092982434,1
2020-08-17,0.3147670030593872,0,0,0,0,0,0.03715087403134998,1
2020-08-18,0.3033069968223572,0,0,0,0,-1,-0.03640790211694411,0
2020-08-19,0.2902460098266601,0,0,0,0,0,-0.0430619376820599,0
2020-08-20,0.2925730049610138,0,0,0,0,0,0.008017319982257076,1
2020-08-21,0.2806819975376129,0,0,0,0,0,-0.040642872793357654,0
2020-08-22,0.286545991897583,0,0,0,0,1,0.020891950361669576,1
2020-08-23,0.2853859961032867,0,0,0,0,1,-0.004048201081489622,0
2020-08-24,0.2892149984836578,0,0,0,0,1,0.013416924560605725,1
2020-08-25,0.2779270112514496,0,0,0,0,0,-0.03902974358657274,0
2020-08-26,0.2774910032749176,0,0,0,0,1,-0.0015687859001854987,0
2020-08-27,0.2645109891891479,0,0,0,0,1,-0.0467763420528271,0
2020-08-28,0.2720459997653961,0,0,0,0,1,0.02848656911891112,1
2020-08-29,0.2744970023632049,0,0,0,-1,1,0.009009515302274007,1
2020-08-30,0.2830339968204498,0,0,0,0,1,0.031100501585620277,1
2020-08-31,0.2817659974098205,0,0,0,0,0,-0.004480025102545082,0
2020-09-01,0.2956959903240204,0,0,0,0,0,0.049438161603080566,1
2020-09-02,0.2764610052108764,0,0,0,0,0,-0.06504986791355027,0
2020-09-03,0.2465800046920776,0,0,0,0,0,-0.10808396104906892,0
2020-09-04,0.2558830082416534,0,0,0,0,1,0.03772813436836908,1
2020-09-05,0.2376919984817505,0,-1,0,0,1,-0.07109112044955912,0
2020-09-06,0.2407310009002685,0,0,0,0,1,0.012785463700627497,1
2020-09-07,0.2421739995479583,0,0,0,0,1,0.005994236896342153,1
2020-09-08,0.2367530018091201,0,0,0,0,1,-0.022384722344087393,0
2020-09-09,0.2396090030670166,0,0,0,0,1,0.012063210333439045,1
2020-09-10,0.2435300052165985,0,0,0,0,1,0.016364168705652604,1
2020-09-11,0.2432920038700103,0,0,0,0,1,-0.000977297833901547,0
2020-09-12,0.2478139996528625,0,0,0,0,0,0.018586701210567824,1
2020-09-13,0.2418009936809539,0,0,0,0,0,-0.024264189998674857,0
2020-09-14,0.2463269978761673,0,0,0,0,0,0.018717889146416367,1
2020-09-15,0.2438499927520752,0,0,0,0,0,-0.010055759804848297,0
2020-09-16,0.2478470057249069,0,0,0,0,0,0.01639127780042826,1
2020-09-17,0.2521939873695373,0,0,0,0,0,0.01753897180204489,1
2020-09-18,0.2507070004940033,1,0,0,0,0,-0.005896202724909316,0
2020-09-19,0.2517159879207611,0,0,0,0,0,0.004024568220152069,1
2020-09-20,0.2467429935932159,0,0,0,0,0,-0.019756370537379997,0
2020-09-21,0.232137992978096,0,0,0,0,0,-0.059191146230469616,0
2020-09-22,0.2334170043468475,0,0,0,0,1,0.00550970288121766,1
2020-09-23,0.2216569930315017,-1,0,0,0,1,-0.05038198201648991,0
2020-09-24,0.2330179959535598,0,0,0,0,1,0.05125488154774116,1
2020-09-25,0.2418050020933151,0,0,0,0,1,0.03770956017279681,1
2020-09-26,0.242368996143341,0,0,0,0,0,0.002332433345643814,1
2020-09-27,0.2432519942522049,1,0,0,0,0,0.0036431974506412335,1
2020-09-28,0.2420510053634643,0,0,0,0,0,-0.0049372211415270595,0
2020-09-29,0.2431389987468719,0,0,0,0,0,0.004494893056832705,1
2020-09-30,0.2423110008239746,0,0,0,0,0,-0.003405450903247731,0
2020-10-01,0.2383610010147094,0,0,0,0,0,-0.016301363932439306,0
2020-10-02,0.2342019975185394,0,0,0,0,0,-0.017448338773813687,0
2020-10-03,0.2335049957036972,0,0,0,0,0,-0.0029760711788422434,0
2020-10-04,0.2485020011663437,0,0,0,0,0,0.0642256300232511,1
2020-10-05,0.250896006822586,0,0,0,0,0,0.009633747998028408,1
2020-10-06,0.2458599954843521,0,0,0,0,-1,-0.020072106375909615,0
2020-10-07,0.2490410059690475,0,0,0,0,0,0.012938300427561167,1
2020-10-08,0.2516149878501892,0,0,0,1,0,0.010335574541734838,1
2020-10-10,0.2542900145053863,0,0,0,0,-1,0.010631428111865127,1
2020-10-11,0.2557190060615539,0,0,0,0,-1,0.005619534683448446,1
2020-10-14,0.2494480013847351,0,0,0,0,-1,-0.02452302929454253,0
2020-10-15,0.2459399998188018,0,1,0,0,0,-0.014063057416614733,0
2020-10-16,0.240443006157875,0,0,0,0,0,-0.022350954155390568,0
2020-10-17,0.2409310042858123,0,0,0,0,0,0.002029579216027866,1
2020-10-18,0.2422250062227249,0,0,0,0,0,0.0053708402567298474,1
2020-10-19,0.2459640055894851,-1,0,0,0,0,0.015436058502243277,1
2020-10-20,0.2435729950666427,1,0,0,-1,0,-0.009720977332077663,0
2020-10-21,0.2516149878501892,-1,0,0,0,0,0.03301676682731669,1
2020-10-22,0.2568069994449615,1,0,0,0,-1,0.02063474691683953,1
2020-10-23,0.2548789978027344,0,0,0,1,-1,-0.007507589927042924,0
2020-10-24,0.2564310133457184,0,0,0,0,-1,0.006089224912070534,1
2020-10-25,0.2532129883766174,0,0,0,0,-1,-0.012549281489452668,0
2020-10-26,0.2486879974603653,0,0,0,0,0,-0.017870295458627172,0
2020-10-27,0.2528989911079407,0,0,0,0,0,0.01693283829770076,1
2020-10-28,0.2458650022745132,0,0,0,0,0,-0.027813431768200614,0
2020-10-29,0.2422949969768524,0,0,0,0,0,-0.014520184917066081,0
2020-10-30,0.2391840070486068,-1,0,0,0,1,-0.012839678767873175,0
2020-10-31,0.2397439926862716,0,0,0,0,1,0.0023412336158037395,1
2020-11-01,0.2397969961166381,0,0,0,-1,1,0.00022108345561688836,1
2020-11-02,0.2354210019111633,0,0,0,0,1,-0.01824874488146755,0
2020-11-03,0.2395099997520446,0,0,0,0,1,0.017368874517084354,1
2020-11-04,0.2377929985523224,0,0,0,0,0,-0.007168807989226922,0
2020-11-05,0.2457759976387024,0,0,0,0,1,0.033571211663002254,1
2020-11-06,0.258444994688034,0,0,0,0,0,0.051546925538088484,1
2020-11-07,0.2495819926261901,1,0,0,0,-1,-0.0342935721101596,0
2020-11-08,0.2539390027523041,0,0,0,0,0,0.01745722950709694,1
2020-11-09,0.2507480084896087,0,0,0,1,0,-0.012565987217835528,0
2020-11-10,0.2539109885692596,0,0,0,0,0,0.01261417826886535,1
2020-11-11,0.2562589943408966,0,0,0,0,0,0.009247357843264581,1
2020-11-12,0.2549029886722564,0,0,0,0,-1,-0.005291543706116064,0
2020-11-13,0.265190988779068,0,0,0,0,0,0.04036045305078573,1
2020-11-14,0.268341988325119,0,0,0,0,-1,0.01188200081970403,1
2020-11-15,0.2696419954299927,0,0,0,0,-1,0.004844590714214281,1
2020-11-16,0.2855199873447418,0,0,0,0,-1,0.05888545621177754,1
2020-11-17,0.3024080097675323,0,0,0,0,-1,0.059148301944968784,1
2020-11-18,0.2942219972610473,0,0,0,0,-1,-0.02706943018069452,0
2020-11-19,0.3037660121917724,0,0,0,0,-1,0.032438142013757165,1
2020-11-20,0.3280679881572723,0,0,0,0,-1,0.08000228791283481,1
2020-11-21,0.4583440124988556,0,0,0,0,-1,0.3971006896263538,1
2020-11-22,0.4436999857425689,0,0,0,0,-1,-0.031949859400253966,0
2020-11-23,0.6139799952507019,0,0,0,0,-1,0.38377285323359933,1
2020-11-24,0.6921030282974243,0,0,0,0,-1,0.12724035579501747,1
2020-11-25,0.6354830265045166,0,0,0,0,-1,-0.08180863177581099,0
2020-11-26,0.5330190062522888,0,0,0,0,-1,-0.16123801262770554,0
2020-11-27,0.5592679977416992,0,0,0,0,-1,0.049245882757483095,1
2020-11-28,0.6256219744682312,0,0,0,0,-1,0.1186443297211115,1
2020-11-29,0.6062459945678711,0,0,0,0,-1,-0.03097074701832425,0
2020-11-30,0.6643369793891907,0,0,0,0,-1,0.09582081422694855,1
2020-12-01,0.6129230260848999,0,0,0,0,-1,-0.07739137651431383,0
2020-12-02,0.6298930048942566,0,0,0,0,0,0.027686965715342682,1
2020-12-03,0.6314830183982849,0,0,0,0,0,0.0025242596626315894,1
2020-12-04,0.5572620034217834,0,0,0,0,0,-0.11753445906551563,0
2020-12-05,0.5844209790229797,-1,0,0,0,0,0.048736456881019574,1
2020-12-06,0.6198509931564331,0,0,0,0,0,0.06062413124300292,1
2020-12-07,0.6089339852333069,0,0,0,0,0,-0.01761231012559028,0
2020-12-08,0.5588359832763672,0,0,0,0,0,-0.0822716471273075,0
2020-12-09,0.5835899710655212,0,0,0,0,0,0.04429562256178521,1
2020-12-10,0.572953999042511,0,0,0,0,0,-0.018225076766811177,0
2020-12-11,0.5464829802513123,0,0,0,0,0,-0.0462009495272494,0
2020-12-12,0.506401002407074,0,0,0,0,0,-0.07334533607214211,0
2020-12-13,0.51146399974823,0,0,0,0,1,0.009998000235169613,1
2020-12-14,0.4977119863033294,0,0,0,0,1,-0.026887549175836467,0
2020-12-15,0.4697099924087524,0,0,0,0,1,-0.05626144168750491,0
2020-12-16,0.5686280131340027,0,0,0,0,1,0.2105938181514555,1
2020-12-17,0.5766770243644714,0,0,0,0,0,0.014155143687182292,1
2020-12-18,0.5842800140380859,0,-1,0,0,0,0.0131841383519542,1
2020-12-19,0.5791630148887634,0,0,0,0,0,-0.00875778569586494,0
2020-12-20,0.5560579895973206,0,0,0,0,0,-0.03989382038816913,0
2020-12-21,0.5169439911842346,0,0,0,0,0,-0.07034158153434866,0
2020-12-22,0.4484480023384094,0,0,0,0,1,-0.13250176037236072,0
2020-12-23,0.2586019933223724,0,0,0,-1,1,-0.4233400707018309,0
2020-12-24,0.3378190100193023,0,0,-1,0,1,0.30632794310358724,1
2020-12-25,0.3180910050868988,0,0,0,0,1,-0.05839814914878916,0
2020-12-26,0.2947129905223846,0,0,0,0,1,-0.07349473638252557,0
2020-12-27,0.2830390036106109,0,0,0,0,1,-0.03961137543031712,0
2020-12-28,0.2479580044746399,0,0,0,0,1,-0.12394404547944737,0
2020-12-29,0.2209620028734207,0,0,0,0,1,-0.1088732814188309,0
2020-12-30,0.2118279933929443,0,0,0,0,1,-0.04133746690243778,0
2020-12-31,0.2198459953069687,0,0,0,0,1,0.037851474612002,1
2021-01-01,0.2374439984560012,0,0,0,0,1,0.08004695798283978,1
2021-01-02,0.2216549962759018,0,0,0,0,1,-0.0664956885950736,0
2021-01-03,0.2258480042219162,0,0,0,0,1,0.018916821260348327,1
2021-01-04,0.2366770058870315,0,0,0,0,0,0.04794818401173395,1
2021-01-05,0.2267500013113021,0,0,0,0,0,-0.04194325738795113,0
2021-01-06,0.2508949935436249,0,0,0,0,0,0.10648287582223404,1
2021-01-07,0.3260020017623901,0,0,0,0,0,0.2993563448913772,1
2021-01-08,0.3232299983501434,1,0,0,0,0,-0.008503025739906689,0
2021-01-09,0.3269160091876983,0,0,0,0,0,0.011403678050828647,1
2021-01-10,0.318336009979248,0,0,0,0,0,-0.026245270856478986,0
2021-01-11,0.288904994726181,0,0,0,0,0,-0.0924526736858503,0
2021-01-12,0.2921229898929596,0,0,0,0,0,0.011138593051423618,1
2021-01-13,0.3055799901485443,0,0,0,0,0,0.04606621430417257,1
2021-01-14,0.2954379916191101,0,0,0,0,0,-0.03318934111001215,0
2021-01-15,0.2804059982299804,0,0,0,0,0,-0.05088036683010466,0
2021-01-16,0.2801879942417145,0,0,0,0,0,-0.0007774583626671827,0
2021-01-17,0.2773840129375458,0,0,0,0,0,-0.010007499827953903,0
2021-01-18,0.2847689986228943,0,0,0,0,0,0.026623688968733905,1
2021-01-19,0.2943139970302582,0,0,0,0,0,0.033518390181242586,1
2021-01-20,0.2965179979801178,0,0,0,0,0,0.007488603913163638,1
2021-01-21,0.2689459919929504,0,0,0,0,0,-0.09298594410790595,0
2021-01-22,0.2727989852428436,0,0,0,0,0,0.01432627131321662,1
2021-01-23,0.271820992231369,0,0,0,0,0,-0.0035850317060525105,0
2021-01-24,0.2735089957714081,0,0,0,0,0,0.006209982261422553,1
2021-01-25,0.269089013338089,0,0,0,0,0,-0.016160281751804617,0
2021-01-26,0.2688269913196563,0,0,0,0,0,-0.0009737373339113731,0
2021-01-27,0.2519429922103882,0,0,0,0,1,-0.06280619005697885,0
2021-01-28,0.2572779953479767,0,0,0,0,1,0.02117543770827912,1
2021-01-29,0.2821879982948303,0,0,0,0,1,0.09682135043520557,1
2021-01-30,0.4402439892292022,0,0,0,0,0,0.5601088348528374,1
2021-01-31,0.4923140108585357,0,1,1,1,-1,0.11827537207378991,1
2021-02-01,0.3715089857578277,0,0,0,0,-1,-0.2453820578659518,0
2021-02-02,0.369269996881485,0,0,0,0,-1,-0.0060267421843794855,0
2021-02-03,0.3934899866580963,0,0,0,0,-1,0.06558883738497867,1
2021-02-04,0.4464490115642547,0,0,0,0,-1,0.13458798623044643,1
2021-02-05,0.4500469863414764,0,0,0,0,-1,0.008059094508049647,1
2021-02-06,0.4390960037708282,0,0,0,0,-1,-0.02433297611805152,0
2021-02-07,0.417957991361618,0,0,0,0,-1,-0.048139842375433006,0
2021-02-08,0.4477019906044006,0,0,0,0,0,0.07116504495076881,1
2021-02-09,0.4719910025596618,0,0,0,0,-1,0.05425263336995867,1
2021-02-10,0.503445029258728,0,0,0,0,-1,0.06664115741293242,1
2021-02-11,0.5247870087623596,0,0,0,0,-1,0.0423918764975304,1
2021-02-12,0.6085919737815857,0,0,0,0,-1,0.15969329198310178,1
2021-02-13,0.6289960145950317,0,0,0,0,-1,0.03352663474455997,1
2021-02-14,0.5941929817199707,0,0,0,0,-1,-0.055331086473526137,0
2021-02-15,0.5489150285720825,0,0,0,0,-1,-0.07620075386421621,0
2021-02-16,0.5208460092544556,0,0,0,0,0,-0.05113545422621091,0
2021-02-17,0.5355370044708252,0,0,0,0,0,0.028206024343737424,1
2021-02-18,0.5324329733848572,0,0,0,0,0,-0.0057961094379186395,0
2021-02-19,0.567018985748291,0,0,0,0,0,0.06495843438012261,1
2021-02-20,0.5175120234489441,0,0,0,0,0,-0.08731094292021446,0
2021-02-21,0.5485600233078003,-1,0,0,0,0,0.05999474109207692,1
2021-02-22,0.571740984916687,0,0,0,0,0,0.0422578398424045,1
2021-02-23,0.4735629856586456,0,0,0,0,0,-0.171717616627305,0
2021-02-24,0.4718320071697235,0,0,0,0,0,-0.0036552233627689112,0
2021-02-25,0.4345239996910095,0,0,0,0,0,-0.07907053127341968,0
2021-02-26,0.4278999865055084,0,0,0,0,1,-0.01524429764572599,0
2021-02-27,0.4378089904785156,0,0,0,0,1,0.023157289753454213,1
2021-02-28,0.4149529933929443,0,0,0,0,1,-0.052205408254842434,0
2021-03-01,0.4472439885139465,0,0,0,-1,1,0.07781844120937298,1
2021-03-02,0.4368369877338409,0,0,0,0,1,-0.023269179793080852,0
2021-03-03,0.4502789974212646,0,0,0,0,1,0.03077122602908733,1
2021-03-04,0.4866049885749817,0,-1,0,0,0,0.08067440711593266,1
2021-03-05,0.4581190049648285,0,0,0,0,0,-0.05854026218180408,0
2021-03-06,0.4651060104370117,0,0,0,0,0,0.01525150757000282,1
2021-03-07,0.4668669998645782,0,0,0,0,0,0.0037862108595669852,1
2021-03-08,0.47359699010849,0,0,0,0,0,0.014415219421942238,1
2021-03-09,0.4859879910945892,0,0,0,0,0,0.02616359741488372,1
2021-03-10,0.4631659984588623,0,0,0,0,0,-0.04695999295028874,0
2021-03-11,0.4529600143432617,0,0,0,0,0,-0.02203526197855621,0
2021-03-12,0.4411309957504272,0,0,0,0,0,-0.026114928952360672,0
2021-03-13,0.4599240124225616,0,0,0,0,0,0.04260189570257866,1
2021-03-14,0.442111998796463,0,0,0,0,0,-0.03872816627311371,0
2021-03-15,0.4375549852848053,0,0,0,0,0,-0.010307373525403118,0
2021-03-16,0.4625999927520752,0,0,0,0,0,0.05723853757709563,1
2021-03-17,0.4724169969558716,0,0,0,0,0,0.02122136696413146,1
2021-03-18,0.4729189872741699,0,0,0,0,0,0.001062600036690009,1
2021-03-19,0.4711709916591644,1,0,0,0,0,-0.0036961840442920613,0
2021-03-20,0.5269910097122192,0,0,0,0,0,0.11847082914950313,1
2021-03-21,0.5198349952697754,0,1,0,0,-1,-0.01357900668239409,0
2021-03-22,0.5499420166015625,0,0,0,1,-1,0.05791649582222269,1
2021-03-23,0.5565950274467468,0,0,0,0,-1,0.01209765874282076,1
2021-03-24,0.4888370037078857,0,0,0,0,-1,-0.12173666741092837,0
2021-03-25,0.5174980163574219,0,0,0,0,0,0.058631021040017606,1
2021-03-26,0.5670549869537354,0,0,0,0,-1,0.09576262909206168,1
2021-03-27,0.5504429936408997,0,0,0,0,-1,-0.029295207158086423,0
2021-03-28,0.5507559776306152,0,0,0,0,-1,0.0005686038215244604,1
2021-03-29,0.5678709745407104,0,0,0,0,-1,0.031075462827884204,1
2021-03-30,0.5668590068817139,0,0,0,0,-1,-0.0017820380057548268,0
2021-03-31,0.573868989944458,0,0,0,0,-1,0.012366360907460905,1
2021-04-01,0.5792919993400574,0,0,0,0,-1,0.00944990841223925,1
2021-04-02,0.6165689826011658,0,0,0,0,-1,0.064349211284767,1
2021-04-03,0.5909150242805481,0,0,0,0,-1,-0.04160760441173894,0
2021-04-04,0.6467289924621582,0,0,0,0,-1,0.09445345927625515,1
2021-04-05,0.9204729795455932,0,0,0,0,-1,0.4232746486921295,1
2021-04-06,1.0962660312652588,0,0,0,0,-1,0.1909812190320337,1
2021-04-07,0.917576014995575,0,0,0,0,-1,-0.1629987714418627,0
2021-04-08,1.0527559518814087,0,0,0,0,-1,0.1473228753548943,1
2021-04-09,1.0208369493484497,0,0,0,0,-1,-0.030319470030937046,0
2021-04-10,1.3744159936904907,0,0,0,0,-1,0.346361918588187,1
2021-04-11,1.3605300188064575,0,0,0,0,-1,-0.01010318196803539,0
2021-04-12,1.4677350521087646,0,0,0,0,-1,0.07879652181166441,1
2021-04-13,1.7940009832382202,0,0,0,0,-1,0.22229211645568725,1
2021-04-14,1.83923602104187,0,0,0,0,-1,0.025214611489230654,1
2021-04-15,1.7660670280456543,0,0,0,0,-1,-0.039782274900622916,0
2021-04-16,1.55752694606781,0,0,0,0,-1,-0.11808163487917933,0
2021-04-17,1.5600550174713137,0,0,0,0,-1,0.0016231317280808177,1
2021-04-18,1.4059979915618896,0,0,0,0,-1,-0.09875102107561207,0
2021-04-19,1.3150440454483032,0,0,0,0,0,-0.06468995450878834,0
2021-04-20,1.3832989931106567,-1,0,0,0,0,0.05190316468760181,1
2021-04-21,1.2964979410171509,0,0,0,0,0,-0.06274930620625574,0
2021-04-22,1.159682035446167,0,0,0,0,0,-0.10552728333964545,0
2021-04-23,1.169659972190857,0,0,0,0,0,0.008604028035021694,1
2021-04-24,1.0487060546875,0,0,0,0,0,-0.10340946974256249,0
2021-04-25,1.032256007194519,0,0,0,0,0,-0.015686042260796174,0
2021-04-26,1.3685059547424316,0,0,0,0,1,0.3257427859022859,1
2021-04-27,1.4009549617767334,0,0,0,0,0,0.023711264771521634,1
2021-04-28,1.3586009740829468,0,0,0,0,0,-0.030232226480765623,0
2021-04-29,1.399359941482544,0,0,0,0,0,0.030000690546471365,1
2021-04-30,1.5916739702224731,0,0,0,0,0,0.1374299942702255,1
2021-05-01,1.6510250568389893,0,0,0,0,0,0.03728846970351629,1
2021-05-02,1.5626410245895386,1,0,0,0,0,-0.05353282306851748,0
2021-05-03,1.555994987487793,0,0,0,0,0,-0.004253079880256805,0
2021-05-04,1.392375946044922,0,0,0,0,0,-0.10515396434987201,0
2021-05-05,1.6145119667053225,-1,0,0,0,0,0.1595373873639394,1
2021-05-06,1.6005810499191284,0,0,0,0,-1,-0.008628562112563576,0
2021-05-07,1.5817550420761108,1,0,0,0,-1,-0.011761983464672943,0
2021-05-08,1.5625979900360107,-1,0,0,0,-1,-0.012111263457681654,0
2021-05-09,1.5352929830551147,0,0,0,0,0,-0.01747410860311338,0
2021-05-10,1.3890060186386108,0,0,0,0,0,-0.09528276754408405,0
2021-05-11,1.4776819944381714,0,0,0,0,0,0.06384131861895992,1
2021-05-12,1.247864007949829,0,0,0,0,0,-0.15552601124825993,0
2021-05-13,1.3589099645614624,0,0,0,0,0,0.08898882883406145,1
2021-05-14,1.4029170274734497,0,0,0,-1,0,0.032384090233813945,1
2021-05-15,1.4858800172805786,0,0,0,0,0,0.05913606306179009,1
2021-05-16,1.452605962753296,0,0,0,0,0,-0.022393500242489317,0
2021-05-17,1.4962999820709229,0,0,0,0,0,0.030079746633290938,1
2021-05-18,1.5907340049743652,0,0,0,0,0,0.06311169152908969,1
2021-05-19,1.0703129768371582,0,0,0,1,0,-0.3271577941439642,0
2021-05-20,1.1855369806289673,0,0,0,0,1,0.10765449572731822,1
2021-05-21,1.0069760084152222,0,-1,0,-1,1,-0.15061611331517677,0
2021-05-22,0.9063169956207277,0,0,0,0,1,-0.09996167927864696,0
2021-05-23,0.7970150113105774,0,0,0,0,1,-0.12060017062274153,0
2021-05-24,0.9928349852561952,0,0,0,0,1,0.24569170111817562,1
2021-05-25,0.976186990737915,0,0,0,0,1,-0.01676813847769898,0
2021-05-26,1.033725023269653,0,0,0,0,1,0.05894160962772532,1
2021-05-27,0.970234990119934,0,0,0,0,0,-0.061418686517717536,0
2021-05-28,0.9001479744911194,0,0,0,0,1,-0.07223715526910746,0
2021-05-29,0.8317880034446716,0,0,0,0,1,-0.0759430371268609,0
2021-05-30,0.9066089987754822,0,0,0,0,1,0.08995200101583034,1
2021-05-31,1.0465840101242063,0,0,0,0,0,0.15439402381598066,1
2021-06-01,1.0110009908676147,0,0,0,0,0,-0.03399920017158364,0
2021-06-02,1.024399995803833,0,0,0,0,0,0.013253206532191086,1
2021-06-03,1.045320987701416,1,0,0,0,0,0.020422678624834045,1
2021-06-04,0.970196008682251,0,0,0,0,0,-0.0718678567665223,0
2021-06-05,0.9232860207557678,0,0,0,0,0,-0.04835104196130191,0
2021-06-06,0.945285975933075,0,0,0,0,0,0.023827887223180078,1
2021-06-07,0.8611549735069275,0,0,0,0,0,-0.08900058243549336,0
2021-06-08,0.8757879734039307,0,0,0,0,1,0.01699229563456206,1
2021-06-09,0.9200339913368224,0,0,0,0,0,0.05052138106089821,1
2021-06-10,0.8691819906234741,0,0,0,0,0,-0.055271871683196805,0
2021-06-11,0.8484500050544739,0,0,0,0,0,-0.023852295368118392,0
2021-06-12,0.8326830267906189,0,0,0,0,1,-0.01858327322756359,0
2021-06-13,0.8831599950790405,0,0,0,0,1,0.06061966758584392,1
2021-06-14,0.8928970098495483,0,0,0,0,0,0.011025199085966664,1
2021-06-15,0.8898000121116638,0,0,0,0,0,-0.003468482595105127,0
2021-06-16,0.8319079875946045,0,0,0,0,0,-0.06506183831091505,0
2021-06-17,0.8414379954338074,0,0,0,0,1,0.011455603241361079,1
2021-06-18,0.797648012638092,0,0,0,0,0,-0.052041841506264785,0
2021-06-19,0.7616729736328125,0,0,0,0,1,-0.04510139614878239,0
2021-06-20,0.7763770222663879,0,0,0,0,1,0.019304936820121466,1
2021-06-21,0.6103879809379578,0,0,0,0,1,-0.21379952853818052,0
2021-06-22,0.5450670123100281,-1,0,0,0,1,-0.10701548960311058,0
2021-06-23,0.6265349984169006,0,0,-1,0,1,0.14946416544565078,1
2021-06-24,0.671999990940094,0,0,0,0,1,0.07256576669790538,1
2021-06-25,0.6133229732513428,0,0,0,0,1,-0.0873169917854687,0
2021-06-26,0.615435004234314,0,0,0,0,1,0.003443586943718824,1
2021-06-27,0.6469230055809021,0,0,0,0,1,0.05116381279898685,1
2021-06-28,0.643746018409729,0,0,0,0,1,-0.004910920068950553,0
2021-06-29,0.7017250061035156,0,0,0,0,0,0.09006500395453232,1
2021-06-30,0.7063739895820618,1,0,0,0,0,0.006625078824482378,1
2021-07-01,0.6611800193786621,0,0,0,0,0,-0.06398022983567031,0
2021-07-02,0.6567630171775818,0,0,0,0,0,-0.00668048348652639,0
2021-07-03,0.6728879809379578,0,0,0,0,0,0.024552179916695893,1
2021-07-04,0.6949449777603149,0,0,0,0,0,0.03277959697186339,1
2021-07-05,0.6542999744415283,0,0,0,0,0,-0.058486649475154584,0
2021-07-06,0.6654019951820374,0,0,0,0,0,0.016967784157388976,1
2021-07-07,0.6515750288963318,0,0,0,0,0,-0.020779868990207673,0
2021-07-08,0.623058021068573,0,0,0,0,0,-0.04376626875351908,0
2021-07-09,0.6368039846420288,0,0,0,0,0,0.022062092307038927,1
2021-07-10,0.6254630088806152,0,0,0,0,0,-0.017809209795991987,0
2021-07-11,0.6359350085258484,0,0,0,0,0,0.01674279613110108,1
2021-07-12,0.6301779747009277,0,0,0,0,0,-0.009052865069130167,0
2021-07-13,0.6195229887962341,0,0,0,0,0,-0.016907899565595352,0
2021-07-14,0.6203240156173706,0,0,0,0,1,0.0012929735225692962,1
2021-07-15,0.5969409942626953,0,0,0,0,1,-0.03769485102298287,0
2021-07-16,0.5907739996910095,0,0,0,0,1,-0.010330995242340268,0
2021-07-17,0.582427978515625,0,0,0,0,1,-0.014127265552901336,0
2021-07-18,0.5879219770431519,0,0,0,0,1,0.009432923434634422,1
2021-07-19,0.5575559735298157,0,0,0,0,1,-0.051649716627462317,0
2021-07-20,0.5293359756469727,0,0,0,0,1,-0.050613748614665166,0
2021-07-21,0.569998025894165,-1,0,0,0,1,0.07681709182432539,1
2021-07-22,0.5922060012817383,1,0,0,0,1,0.03896149526611992,1
2021-07-23,0.6092240214347839,0,0,0,0,0,0.02873665602208142,1
2021-07-24,0.6098269820213318,0,0,0,0,0,0.0009897189955310193,1
2021-07-25,0.6063569784164429,0,0,0,0,0,-0.005690144429797539,0
2021-07-26,0.6256179809570312,0,0,0,0,0,0.03176512059099279,1
2021-07-27,0.6446040272712708,0,0,0,0,0,0.03034766725405791,1
2021-07-28,0.7254449725151062,0,0,0,0,-1,0.12541179053139073,1
2021-07-29,0.7480170130729675,0,0,0,1,-1,0.031114752204573826,1
2021-07-30,0.7521190047264099,0,0,0,0,-1,0.005483821332606942,1
2021-07-31,0.7477859854698181,0,0,0,0,-1,-0.005761081995485529,0
2021-08-01,0.7259219884872437,0,0,0,0,-1,-0.02923830802851668,0
2021-08-02,0.7392200231552124,0,0,0,0,-1,0.01831882058798162,1
2021-08-03,0.7127289772033691,0,0,0,0,-1,-0.03583648321479649,0
2021-08-04,0.7304880023002625,0,0,0,0,0,0.024916939909721103,1
2021-08-05,0.7331510186195374,0,0,0,0,-1,0.0036455305369686997,1
2021-08-06,0.7465130090713501,0,0,0,0,0,0.01822542711182784,1
2021-08-07,0.8162810206413269,0,0,0,0,-1,0.09345853417446404,1
2021-08-08,0.7787389755249023,0,1,1,0,-1,-0.045991569284471345,0
2021-08-09,0.8185529708862305,0,0,0,0,-1,0.05112623948800277,1
2021-08-10,0.8512470126152039,0,0,0,0,-1,0.039941265735772946,1
2021-08-11,1.0125240087509155,0,0,0,0,-1,0.18945969118908979,1
