Date,Close,ao,ao_signal,ao_position
2019-10-05,0.2534570097923279,-0.009474915879614187,-1,0
2019-10-06,0.2577050030231476,-0.008795102378901298,0,0
2019-10-07,0.27568501234054565,-0.005905192213899957,0,0
2019-10-08,0.27845901250839233,-0.0010880422942778356,0,0
2019-10-09,0.28162699937820435,0.004096425456159236,1,1
2019-10-10,0.27207300066947937,0.008065252619631147,0,1
2019-10-11,0.2710990011692047,0.010822942414704495,0,1
2019-10-12,0.27319100499153137,0.011611191227155593,0,1
2019-10-13,0.2777650058269501,0.010876065843245575,0,1
2019-10-14,0.29652300477027893,0.011471926903023455,0,1
2019-10-15,0.28870201110839844,0.013586222073611043,0,1
2019-10-16,0.28464001417160034,0.015683003208216473,0,1
2019-10-17,0.30231499671936035,0.018823135863332174,0,1
2019-10-18,0.2950049936771393,0.02227421043550265,0,1
2019-10-19,0.2930220067501068,0.022688815172980825,0,1
2019-10-20,0.2941789925098419,0.021936104665784273,0,1
2019-10-21,0.29297900199890137,0.02271192205302852,0,1
2019-10-22,0.29160699248313904,0.02268388779724345,0,1
2019-10-23,0.2741430103778839,0.020269050580613734,0,1
2019-10-24,0.27849099040031433,0.017380883150240944,0,1
2019-10-25,0.2981649935245514,0.016433102418394685,0,1
2019-10-26,0.2936989963054657,0.016558260602109576,0,1
2019-10-27,0.29809999465942383,0.016629663197433253,0,1
2019-10-28,0.2960070073604584,0.01813880433054532,0,1
2019-10-29,0.3019559979438782,0.020961469587157777,0,1
2019-10-30,0.2965550124645233,0.021554530937882066,0,1
2019-10-31,0.29635798931121826,0.02011372613556245,0,1
2019-11-01,0.2926419973373413,0.018327825823250987,0,1
2019-11-02,0.2962630093097687,0.0162643025026602,0,1
2019-11-03,0.2912609875202179,0.013893886699396063,0,1
2019-11-04,0.29993700981140137,0.011902291196234094,0,1
2019-11-05,0.3012549877166748,0.011287720238461196,0,1
2019-11-06,0.3100860118865967,0.011905027356217901,0,1
2019-11-07,0.2924309968948364,0.011785021687255204,0,1
2019-11-08,0.2769530117511749,0.009059375962790273,0,1
2019-11-09,0.28019601106643677,0.0049781989525346515,0,1
2019-11-10,0.28020399808883667,0.0005017943242016654,0,1
2019-11-11,0.275085985660553,-0.005120159597957863,-1,0
2019-11-12,0.27241799235343933,-0.010436432764810655,0,0
2019-11-13,0.27303600311279297,-0.012708169309531947,0,0
2019-11-14,0.27039098739624023,-0.014084122373777319,0,0
2019-11-15,0.26165398955345154,-0.016739551635349514,0,0
2019-11-16,0.2638860046863556,-0.019340785636621394,0,0
2019-11-17,0.2652530074119568,-0.020513326367911144,0,0
2019-11-18,0.2556529939174652,-0.022022257920573773,0,0
2019-11-19,0.2565000057220459,-0.024249818395165823,0,0
2019-11-20,0.25136399269104004,-0.025504813124151815,0,0
2019-11-21,0.24376599490642548,-0.027043019629576615,0,0
2019-11-22,0.23160000145435333,-0.030763541731764266,0,0
2019-11-23,0.23618799448013306,-0.034319268692942245,0,0
2019-11-24,0.2231840044260025,-0.03771816294859437,0,0
2019-11-25,0.21862199902534485,-0.04222425669431687,0,0
2019-11-26,0.22214500606060028,-0.04582256968407067,0,0
2019-11-27,0.22508099675178528,-0.04708645142176571,0,0
2019-11-28,0.22457000613212585,-0.047032430417397464,0,0
2019-11-29,0.23021699488162994,-0.045475092135808026,0,0
2019-11-30,0.22647400200366974,-0.041999710526536504,0,0
2019-12-01,0.22533300518989563,-0.038803063333034515,0,0
2019-12-02,0.2195809930562973,-0.036783543097622245,0,0
2019-12-03,0.21987000107765198,-0.035464426086229406,0,0
2019-12-04,0.21634800732135773,-0.03501698720981092,0,0
2019-12-05,0.2229280024766922,-0.03455666272955779,0,0
2019-12-06,0.22550499439239502,-0.0328282989123288,0,0
2019-12-07,0.22844499349594116,-0.02996037628720788,0,0
2019-12-08,0.23043499886989594,-0.026071623449816422,0,0
2019-12-09,0.2254520058631897,-0.021967885687070726,0,0
2019-12-10,0.2243019938468933,-0.01854380728567348,0,0
2019-12-11,0.22205300629138947,-0.016455106831648775,0,0
2019-12-12,0.21985900402069092,-0.01578431637848124,0,0
2019-12-13,0.22075499594211578,-0.0158971652826842,0,0
2019-12-14,0.21735599637031555,-0.01587639863000198,0,0
2019-12-15,0.21860100328922272,-0.015501201810205673,0,0
2019-12-16,0.2072249948978424,-0.015764719949049127,0,0
2019-12-17,0.18369899690151215,-0.018591021746397013,0,0
2019-12-18,0.19617600739002228,-0.02225974504561984,0,0
2019-12-19,0.19081899523735046,-0.02523825615644454,0,0
2019-12-20,0.19531600177288055,-0.028170382932705046,0,0
2019-12-21,0.19408200681209564,-0.02975816713536486,0,0
2019-12-22,0.19697800278663635,-0.027835065477034626,0,0
2019-12-23,0.19094300270080566,-0.025203524266972255,0,0
2019-12-24,0.1921979933977127,-0.023754763121114075,0,0
2019-12-25,0.19071899354457855,-0.022426372941802525,0,0
2019-12-26,0.19039399921894073,-0.021868800941635597,0,0
2019-12-27,0.19110199809074402,-0.021556202190763818,0,0
2019-12-28,0.19322200119495392,-0.02081225575769649,0,0
2019-12-29,0.197051003575325,-0.01934121667462238,0,0
2019-12-30,0.194473996758461,-0.01775626820676468,0,0
2019-12-31,0.19289399683475494,-0.016250503282336626,0,0
2020-01-01,0.19266700744628906,-0.01490150260574677,0,0
2020-01-02,0.1880429983139038,-0.014173534381038994,0,0
2020-01-03,0.19352099299430847,-0.013939626821700274,0,0
2020-01-04,0.19435499608516693,-0.01336436591604176,0,0
2020-01-05,0.1955370008945465,-0.012302818499943774,0,0
2020-01-06,0.22150999307632446,-0.008824748940327587,0,0
2020-01-07,0.21391700208187103,-0.003341417452868284,0,0
2020-01-08,0.20902599394321442,0.0010366743978331983,1,1
2020-01-09,0.20489899814128876,0.004149045356932807,0,1
2020-01-10,0.21230599284172058,0.007420712358811338,0,1
2020-01-11,0.21185100078582764,0.008642344658865653,0,1
2020-01-12,0.21563300490379333,0.008265736874412094,0,1
2020-01-13,0.21261699497699738,0.009112672551589845,0,1
2020-01-14,0.23468700051307678,0.012436617078149997,0,1
2020-01-15,0.23289500176906586,0.017096818326150676,0,1
2020-01-16,0.2285739928483963,0.02052132732727946,0,1
2020-01-17,0.23877599835395813,0.02407794060075985,0,1
2020-01-18,0.24328599870204926,0.028781125650686384,0,1
2020-01-19,0.23558500409126282,0.03115775278385946,0,1
2020-01-20,0.2332960069179535,0.030141226903480645,0,1
2020-01-21,0.23716600239276886,0.029708366534289182,0,1
2020-01-22,0.23605599999427795,0.029027523538645572,0,1
2020-01-23,0.2261040061712265,0.02591930960907654,0,1
2020-01-24,0.22304099798202515,0.02206807745730177,0,1
2020-01-25,0.220427006483078,0.018756070996032048,0,1
2020-01-26,0.2306859940290451,0.015891876071691513,0,1
2020-01-27,0.231222003698349,0.013602137346478083,0,1
2020-01-28,0.23848800361156464,0.013080769514336288,0,1
2020-01-29,0.23573000729084015,0.014218878746032726,0,1
2020-01-30,0.24364200234413147,0.01636992614058888,0,1
2020-01-31,0.23923300206661224,0.018096847043317904,0,1
2020-02-01,0.24145500361919403,0.0186452154727543,0,1
2020-02-02,0.25073400139808655,0.0194127622334396,0,1
2020-02-03,0.254626989364624,0.02079186908462466,0,1
2020-02-04,0.26680800318717957,0.023000020489973183,0,1
2020-02-05,0.2774679958820343,0.026734737701275768,0,1
2020-02-06,0.2822139859199524,0.032014753099750076,0,1
2020-02-07,0.2792840003967285,0.03639238656443708,0,1
2020-02-08,0.2772429883480072,0.03905847177785984,0,1
2020-02-09,0.28245699405670166,0.04078713269794687,0,1
2020-02-10,0.2740800082683563,0.04023220350637152,0,1
2020-02-11,0.2801409959793091,0.03775554680648971,0,1
2020-02-12,0.3043929934501648,0.037550191274460604,0,1
2020-02-13,0.3267059922218323,0.041861891045289895,0,1
2020-02-14,0.33482199907302856,0.04855394196860929,0,1
2020-02-15,0.30623599886894226,0.05386524752658961,0,1
2020-02-16,0.2950339913368225,0.05602573449997339,0,1
2020-02-17,0.28657200932502747,0.05375790613539083,0,1
2020-02-18,0.2979130148887634,0.04737734790234005,0,1
2020-02-19,0.2776019871234894,0.037098901806508766,0,1
2020-02-20,0.2723959982395172,0.026777488869779265,0,1
2020-02-21,0.2749379873275757,0.020424006221925473,0,1
2020-02-22,0.2759009897708893,0.016288951302275922,0,1
2020-02-23,0.282710999250412,0.012382074576966884,0,1
2020-02-24,0.2706269919872284,0.008945609059403947,0,1
2020-02-25,0.25341200828552246,0.005602401757941522,0,1
2020-02-26,0.23085099458694458,-0.001029740580741123,-1,0
2020-02-27,0.2371159940958023,-0.009593733312452557,0,0
2020-02-28,0.23629599809646606,-0.018554085756049443,0,0
2020-02-29,0.23119300603866577,-0.027379808048991594,0,0
2020-03-01,0.2288459986448288,-0.03375232241609516,0,0
2020-03-02,0.2387470006942749,-0.03538819029927254,0,0
2020-03-03,0.23438100516796112,-0.03485605909543876,0,0
2020-03-04,0.2345300018787384,-0.03515231933663873,0,0
2020-03-05,0.23958200216293335,-0.034361151693498376,0,0
2020-03-06,0.24408799409866333,-0.032041905338273335,0,0
2020-03-07,0.2370709925889969,-0.030523100451511465,0,0
2020-03-08,0.20690399408340454,-0.03253566701622573,0,0
2020-03-09,0.20918099582195282,-0.03626900398555921,0,0
2020-03-10,0.2122350037097931,-0.03973183973747138,0,0
2020-03-11,0.2080959975719452,-0.0440164601101595,0,0
2020-03-12,0.13963499665260315,-0.05421562711982164,0,0
2020-03-13,0.15935200452804565,-0.06492707291070152,0,0
2020-03-14,0.14729200303554535,-0.07214975975015583,0,0
2020-03-15,0.15390199422836304,-0.08041691578486385,0,0
2020-03-16,0.14106300473213196,-0.08914092770394155,0,0
2020-03-17,0.1445239931344986,-0.0909590480520445,0,0
2020-03-18,0.14309999346733093,-0.08704424658242396,0,0
2020-03-19,0.16503700613975525,-0.08169802102972479,0,0
2020-03-20,0.15686799585819244,-0.07493349414537936,0,0
2020-03-21,0.15817900002002716,-0.06871613277231947,0,0
2020-03-22,0.15021400153636932,-0.06241769418120385,0,0
2020-03-23,0.15741899609565735,-0.056345439746099346,0,0
2020-03-24,0.16225500404834747,-0.051429372017874425,0,0
2020-03-25,0.16163299977779388,-0.04790592504774824,0,0
2020-03-26,0.17501899600028992,-0.042647160502041065,0,0
2020-03-27,0.17619499564170837,-0.035429399942650514,0,0
2020-03-28,0.17578299343585968,-0.027956165504806174,0,0
2020-03-29,0.1638289988040924,-0.022819336898186632,0,0
2020-03-30,0.1721709966659546,-0.01884285825140336,0,0
2020-03-31,0.17456300556659698,-0.0158121723024284,0,0
2020-04-01,0.1753229945898056,-0.014208486325600567,0,0
2020-04-02,0.1786399930715561,-0.012253383459413736,0,0
2020-04-03,0.17946699261665344,-0.008795325019780337,0,0
2020-04-04,0.18173199892044067,-0.00482189580798148,0,0
2020-04-05,0.17940600216388702,-0.001815981242586584,0,0
2020-04-06,0.1955060064792633,0.0021309725063688445,1,1
2020-04-07,0.19209299981594086,0.0066903390866868695,0,1
2020-04-08,0.20086899399757385,0.011369222402572626,0,1
2020-04-09,0.19825699925422668,0.01640521673595205,0,1
2020-04-10,0.18746399879455566,0.02026701626532218,0,1
2020-04-11,0.18806299567222595,0.021335102968356168,0,1
2020-04-12,0.19013500213623047,0.02095216376816525,0,1
2020-04-13,0.18773199617862701,0.020083090706783185,0,1
2020-04-14,0.18533499538898468,0.018172249504748522,0,1
2020-04-15,0.18127000331878662,0.01598309068118825,0,1
2020-04-16,0.19010399281978607,0.014503276216633165,0,1
2020-04-18,0.194924995303154,0.014033654945738161,0,1
2020-04-19,0.19085900485515594,0.013581384499283422,0,1
2020-04-20,0.18348999321460724,0.012542173397891654,0,1
2020-04-21,0.18432800471782684,0.011454193907625532,0,1
2020-04-22,0.18796999752521515,0.010301388405701689,0,1
2020-04-23,0.19171099364757538,0.008714471187661665,0,1
2020-04-24,0.19366499781608582,0.0077402734142892615,0,1
2020-04-25,0.19505399465560913,0.00809386113987251,0,1
2020-04-26,0.19680500030517578,0.009270519763231289,0,1
2020-04-27,0.19797800481319427,0.010237402293611975,0,1
2020-04-28,0.21548399329185486,0.012236267722704836,0,1
2020-04-29,0.2274319976568222,0.016239856095875,0,1
2020-04-30,0.21276099979877472,0.01986459480489,0,1
2020-05-01,0.2192479968070984,0.022691433131694805,0,1
2020-05-02,0.2239139974117279,0.02618839078966309,0,1
2020-05-03,0.21941399574279785,0.0276497549870435,0,1
2020-05-04,0.21896299719810486,0.025690311105812297,0,1
2020-05-05,0.21646299958229065,0.023909317000823854,0,1
2020-05-06,0.21521000564098358,0.02267296778805114,0,1
2020-05-07,0.21891699731349945,0.020590586083776813,0,1
2020-05-08,0.21982699632644653,0.018946347780087414,0,1
2020-05-09,0.2169020026922226,0.01767081298372325,0,1
2020-05-10,0.19817599654197693,0.01484277796219377,0,1
2020-05-11,0.19406400620937347,0.010644654272233739,0,1
2020-05-12,0.19763700664043427,0.006341731635963216,0,1
2020-05-13,0.20148000121116638,0.0022885181448038805,0,1
2020-05-14,0.20312899351119995,-0.0010041146593935124,-1,0
2020-05-15,0.19891099631786346,-0.002547900773146594,0,0
2020-05-16,0.20003199577331543,-0.002221954745404875,0,0
2020-05-17,0.20125499367713928,-0.0016029010800754362,0,0
2020-05-18,0.2051759958267212,-0.0012915616088053639,0,0
2020-05-19,0.20402799546718597,-0.001363488418214459,0,0
2020-05-20,0.20170700550079346,-0.001569428514031801,0,0
2020-05-21,0.19550900161266327,-0.002122156584964091,0,0
2020-05-22,0.20034299790859222,-0.0028248175102121575,0,0
2020-05-23,0.19885599613189697,-0.003745296378346058,0,0
2020-05-24,0.19543099403381348,-0.005530202257282596,0,0
2020-05-25,0.19732700288295746,-0.00719466735334956,0,0
2020-05-26,0.19397500157356262,-0.008065538239829695,0,0
2020-05-27,0.19785700738430023,-0.008646228734184719,0,0
2020-05-28,0.20059500634670258,-0.008913221210241323,0,0
2020-05-29,0.1983480006456375,-0.00859797268229373,0,0
2020-05-30,0.20622000098228455,-0.007603869368048299,0,0
2020-05-31,0.20290599763393402,-0.006032396327046774,0,0
2020-06-01,0.21024900674819946,-0.0038955821710474348,0,0
2020-06-02,0.20276400446891785,-0.001999732720501274,0,0
2020-06-03,0.20366300642490387,-0.0007547737044446834,0,0
2020-06-04,0.2049819976091385,-3.4853377763044424e-06,0,0
2020-06-05,0.20409199595451355,0.0004926082842490187,1,1
2020-06-06,0.20314200222492218,0.0004313017077305914,0,1
2020-06-07,0.20344899594783783,0.0002565415028263629,0,1
2020-06-08,0.20377099514007568,0.0007506337235955729,0,1
2020-06-09,0.20201300084590912,0.0008452536428675828,0,1
2020-06-10,0.2029380053281784,0.0008620136800934208,0,1
2020-06-11,0.1901800036430359,0.00012138512204676322,0,1
2020-06-12,0.19394299387931824,-0.001351797273930394,-1,0
2020-06-13,0.19310599565505981,-0.002956706110168905,0,0
2020-06-14,0.1916169971227646,-0.004952262166668386,0,0
2020-06-15,0.19307400286197662,-0.0068751743611167315,0,0
2020-06-16,0.19130699336528778,-0.007532169582212672,0,0
2020-06-17,0.19344300031661987,-0.007177425833309381,0,0
2020-06-18,0.1909569948911667,-0.007182913580361522,0,0
2020-06-19,0.18679000437259674,-0.007568807154893886,0,0
2020-06-20,0.18850000202655792,-0.008126597939168728,0,0
2020-06-21,0.18560999631881714,-0.008678389033850514,0,0
2020-06-22,0.18927200138568878,-0.00916045343174654,0,0
2020-06-23,0.1886799931526184,-0.009396679874728697,0,0
2020-06-24,0.18427200615406036,-0.009519356226219855,0,0
2020-06-25,0.183569997549057,-0.009852244792615678,0,0
2020-06-26,0.18267099559307098,-0.01015446882914095,0,0
2020-06-27,0.17685100436210632,-0.01117921874803654,0,0
2020-06-28,0.1776919960975647,-0.012958132913884007,0,0
2020-06-29,0.17795899510383606,-0.014163954117718869,0,0
2020-06-30,0.17587000131607056,-0.015006387014599415,0,0
2020-07-01,0.17697599530220032,-0.01567520994473906,0,0
2020-07-02,0.17724399268627167,-0.015547719685470363,0,0
2020-07-03,0.17633600533008575,-0.014894196347278704,0,0
2020-07-04,0.17798399925231934,-0.014221324508681021,0,0
2020-07-05,0.1770170032978058,-0.013248917986364933,0,0
2020-07-06,0.18856699764728546,-0.011277632108506047,0,0
2020-07-07,0.18478700518608093,-0.008877862858421653,0,0
2020-07-08,0.20469200611114502,-0.005006108695969874,0,0
2020-07-09,0.20291000604629517,0.0003437388469191005,1,1
2020-07-10,0.1986519992351532,0.005083250780315962,0,1
2020-07-11,0.20119699835777283,0.00860889751244992,0,1
2020-07-12,0.20053799450397491,0.011527658253908168,0,1
2020-07-13,0.1985750049352646,0.012589159958502821,0,1
2020-07-14,0.19880899786949158,0.011678638484548115,0,1
2020-07-15,0.19711099565029144,0.011073231653255577,0,1
2020-07-16,0.19404800236225128,0.010100761099773287,0,1
2020-07-17,0.19428099691867828,0.008741338068948085,0,1
2020-07-18,0.19934099912643433,0.008061370034428222,0,1
2020-07-19,0.19913500547409058,0.007967849557890594,0,1
2020-07-20,0.19506500661373138,0.007651454122627466,0,1
2020-07-21,0.19898800551891327,0.007804046439773893,0,1
2020-07-22,0.203342005610466,0.00894047091988956,0,1
2020-07-23,0.20757800340652466,0.010182433838353433,0,1
2020-07-24,0.2040490061044693,0.010963166636579175,0,1
2020-07-25,0.21410199999809265,0.012710604159271027,0,1
2020-07-26,0.21498200297355652,0.015416614930419348,0,1
2020-07-27,0.22367200255393982,0.0181563377380371,0,1
2020-07-28,0.23027700185775757,0.02126810484949282,0,1
2020-07-29,0.24309900403022766,0.02589103386682623,0,1
2020-07-30,0.24452200531959534,0.031053033953203857,0,1
2020-07-31,0.25890401005744934,0.03637099967283361,0,1
2020-08-01,0.2895289957523346,0.044497576092972474,0,1
2020-08-02,0.28706198930740356,0.053512656601036296,0,1
2020-08-03,0.30994001030921936,0.06229918239747778,0,1
2020-08-04,0.3004930019378662,0.07079233833972146,0,1
2020-08-05,0.30331099033355713,0.07715978302499826,0,1
2020-08-06,0.3035840094089508,0.0792807618046508,0,1
2020-08-07,0.2946639955043793,0.07785928731455521,0,1
2020-08-08,0.29402199387550354,0.07359114236691416,0,1
2020-08-09,0.2886529862880707,0.06762282475829123,0,1
2020-08-10,0.29465898871421814,0.06248600579359953,0,1
2020-08-11,0.2844490110874176,0.0569186442038592,0,1
2020-08-12,0.2849299907684326,0.051652670520193456,0,1
2020-08-13,0.2978070080280304,0.048393433321924806,0,1
2020-08-14,0.300370991230011,0.04702713226570804,0,1
2020-08-15,0.2996610105037689,0.04578300245544492,0,1
2020-08-16,0.30349200963974,0.045186915949863515,0,1
2020-08-17,0.3147670030593872,0.04682675512397988,0,1
2020-08-18,0.3033069968223572,0.04709348455071449,0,1
2020-08-19,0.29024600982666016,0.04365460280986394,0,1
2020-08-20,0.2925730049610138,0.039073156828389466,0,1
2020-08-21,0.2806819975376129,0.033441693204290746,0,1
2020-08-22,0.286545991897583,0.0258569440420936,0,1
2020-08-23,0.28538599610328674,0.018629037325873066,0,1
2020-08-24,0.28921499848365784,0.014078718730632045,0,1
2020-08-25,0.2779270112514496,0.01008731236352639,0,1
2020-08-26,0.2774910032749176,0.006178642897044895,0,1
2020-08-27,0.26451098918914795,0.0017387640388572545,0,1
2020-08-28,0.2720459997653961,-0.003540000319480874,-1,0
2020-08-29,0.27449700236320496,-0.00807313778821156,0,0
2020-08-30,0.28303399682044983,-0.010782429926535664,0,0
2020-08-31,0.28176599740982056,-0.011474393571124342,0,0
2020-09-01,0.2956959903240204,-0.009459070247762325,0,0
2020-09-02,0.27646100521087646,-0.007142245857154617,0,0
2020-09-03,0.24658000469207764,-0.009780900881570909,0,0
2020-09-04,0.25588300824165344,-0.014611670199562499,0,0
2020-09-05,0.2376919984817505,-0.020513345739420707,0,0
2020-09-06,0.24073100090026855,-0.028673435747623433,0,0
2020-09-07,0.24217399954795837,-0.03572322331807193,0,0
2020-09-08,0.23675300180912018,-0.038298197835683834,0,0
2020-09-09,0.2396090030670166,-0.038988695775761306,0,0
2020-09-10,0.2435300052165985,-0.03833951625753851,0,0
2020-09-11,0.24329200387001038,-0.036001615576884305,0,0
2020-09-12,0.24781399965286255,-0.03383491267176236,0,0
2020-09-13,0.24180099368095398,-0.031388216684846315,0,0
2020-09-14,0.2463269978761673,-0.02887367671903443,0,0
2020-09-15,0.2438499927520752,-0.027005143025342182,0,0
2020-09-16,0.24784700572490692,-0.025178820552194836,0,0
2020-09-17,0.25219398736953735,-0.02284213032792598,0,0
2020-09-18,0.2507070004940033,-0.020085133612155914,0,0
2020-09-19,0.2517159879207611,-0.017174309930380632,0,0
2020-09-20,0.24674299359321594,-0.014584345677319727,0,0
2020-09-21,0.232137992978096,-0.013818990789792096,0,0
2020-09-22,0.23341700434684753,-0.01538526670021173,0,0
2020-09-23,0.22165699303150177,-0.018289362551534905,0,0
2020-09-24,0.23301799595355988,-0.021320338766364466,0,0
2020-09-25,0.24180500209331512,-0.022325040180893513,0,0
2020-09-26,0.24236899614334106,-0.020505180341355955,0,0
2020-09-27,0.2432519942522049,-0.01719005156089276,0,0
2020-09-28,0.24205100536346436,-0.012963636482463181,0,0
2020-09-29,0.24313899874687195,-0.008879370110876417,0,0
2020-09-30,0.2423110008239746,-0.006985023004167229,0,0
2020-10-01,0.23836100101470947,-0.006513384598142963,0,0
2020-10-02,0.23420199751853943,-0.006731242555029243,0,0
2020-10-03,0.2335049957036972,-0.007169901930234007,0,0
2020-10-04,0.2485020011663437,-0.006270658575436627,0,0
2020-10-05,0.25089600682258606,-0.0037278580314972776,0,0
2020-10-06,0.2458599954843521,-0.0010106198489666096,0,0
2020-10-07,0.24904100596904755,0.0016370040967184085,1,1
2020-10-08,0.2516149878501892,0.004958477966925667,0,1
2020-10-10,0.25429001450538635,0.0071669550503001556,0,1
2020-10-11,0.25571900606155396,0.007763555996558258,0,1
2020-10-14,0.2494480013847351,0.00827727405463946,0,1
2020-10-15,0.24593999981880188,0.008083900502499436,0,1
2020-10-16,0.24044300615787506,0.006509234055000174,0,1
2020-10-17,0.24093100428581238,0.004082090714398551,0,1
2020-10-18,0.24222500622272491,0.0014507014523534312,0,1
2020-10-19,0.24596400558948517,-0.000204201174132973,-1,0
2020-10-20,0.24357299506664276,-0.0007881542777314066,0,0
2020-10-21,0.2516149878501892,-1.1479986064572012e-05,0,0
2020-10-22,0.25680699944496155,0.0024250089245684003,1,1
2020-10-23,0.2548789978027344,0.004984051734209072,0,1
2020-10-24,0.2564310133457184,0.007130430814097893,0,1
2020-10-25,0.25321298837661743,0.009041968952206991,0,1
2020-10-26,0.2486879974603653,0.009720945752718868,0,1
2020-10-27,0.2528989911079407,0.008991445776294266,0,1
2020-10-28,0.24586500227451324,0.007406848230782664,0,1
2020-10-29,0.24229499697685242,0.004759420542156029,0,1
2020-10-30,0.23918400704860687,0.0015546118511873264,0,1
2020-10-31,0.23974399268627167,-0.0010993486818145215,-1,0
2020-11-01,0.23979699611663818,-0.0033733308753546576,0,0
2020-11-02,0.23542100191116333,-0.005596224525395571,0,0
2020-11-03,0.23950999975204468,-0.006761918567559283,0,0
2020-11-04,0.2377929985523224,-0.007061872061561142,0,0
2020-11-05,0.2457759976387024,-0.006573934064191933,0,0
2020-11-06,0.25844499468803406,-0.004381977722925312,0,0
2020-11-07,0.24958199262619019,-0.0015033579924527418,0,0
2020-11-08,0.2539390027523041,0.0009003767195869816,1,1
2020-11-09,0.25074800848960876,0.003094954218934548,0,1
2020-11-10,0.25391098856925964,0.004870836655883226,0,1
2020-11-11,0.2562589943408966,0.005307324318324841,0,1
2020-11-12,0.25490298867225647,0.0054089712307733295,0,1
2020-11-13,0.265190988779068,0.00669578449691044,0,1
2020-11-14,0.268341988325119,0.009096896034829771,0,1
2020-11-15,0.2696419954299927,0.011957644977990317,0,1
2020-11-16,0.2855199873447418,0.015792830814333525,0,1
2020-11-17,0.30240800976753235,0.022252358846804654,0,1
2020-11-18,0.29422199726104736,0.028417108777691324,0,1
2020-11-19,0.30376601219177246,0.03322136196143488,0,1
2020-11-20,0.32806798815727234,0.040393716710455274,0,1
2020-11-21,0.4583440124988556,0.059059071584659506,0,1
2020-11-22,0.44369998574256897,0.08438456895596841,0,1
2020-11-23,0.6139799952507019,0.12213452252395013,0,1
2020-11-24,0.6921030282974243,0.18101909686537354,0,1
2020-11-25,0.6354830265045166,0.2385477719061515,0,1
2020-11-26,0.5330190062522888,0.267097715770497,0,1
2020-11-27,0.5592679977416992,0.2775782370392014,0,1
2020-11-28,0.6256219744682312,0.28036914835957916,0,1
2020-11-29,0.6062459945678711,0.26221283433191916,0,1
2020-11-30,0.6643369793891907,0.2452037617564201,0,1
2020-12-01,0.6129230260848999,0.24463108826209512,0,1
2020-12-02,0.6298930048942566,0.24858610814108567,0,1
2020-12-03,0.6314830183982849,0.24476563943659563,0,1
2020-12-04,0.5572620034217834,0.23001485909609232,0,1
2020-12-05,0.5844209790229797,0.20738747768542343,0,1
2020-12-06,0.6198509931564331,0.18936729238313788,0,1
2020-12-07,0.6089339852333069,0.176878099231159,0,1
2020-12-08,0.5588359832763672,0.15736356772044124,0,1
2020-12-09,0.5835899710655212,0.14304258805863995,0,1
2020-12-10,0.572953999042511,0.13493570185759485,0,1
2020-12-11,0.5464829802513123,0.1174608791575712,0,1
2020-12-12,0.506401002407074,0.09179191212443738,0,1
2020-12-13,0.51146399974823,0.0692546803285094,0,1
2020-12-14,0.49771198630332947,0.0485103160142899,0,1
2020-12-15,0.46970999240875244,0.02287382281878414,0,1
2020-12-16,0.5686280131340027,0.007011336877065566,0,1
2020-12-17,0.5766770243644714,0.007059162066263336,0,1
2020-12-18,0.5842800140380859,0.01214154126013034,0,1
2020-12-19,0.5791630148887634,0.018370318412780806,0,1
2020-12-20,0.5560579895973206,0.026619941259131696,0,1
2020-12-21,0.5169439911842346,0.02295289784669874,0,1
2020-12-22,0.4484480023384094,-0.0004613769405028556,-1,0
2020-12-23,0.25860199332237244,-0.047455933953032825,0,0
2020-12-24,0.33781901001930237,-0.10363735714379485,0,0
2020-12-25,0.3180910050868988,-0.14964930923546066,0,0
2020-12-26,0.29471299052238464,-0.19141557830221512,0,0
2020-12-27,0.28303900361061096,-0.2231218137285289,0,0
2020-12-28,0.2479580044746399,-0.22932878872927492,0,0
2020-12-29,0.22096200287342072,-0.2294514464543146,0,0
2020-12-30,0.21182799339294434,-0.2409441536840271,0,0
2020-12-31,0.2198459953069687,-0.24934225709122773,0,0
2021-01-01,0.23744399845600128,-0.2506884574451867,0,0
2021-01-02,0.2216549962759018,-0.2465140091584009,0,0
2021-01-03,0.2258480042219162,-0.23655159258667158,0,0
2021-01-04,0.23667700588703156,-0.22159669421174946,0,0
2021-01-05,0.22675000131130219,-0.20695978907101292,0,0
2021-01-06,0.2508949935436249,-0.1933988326612641,0,0
2021-01-07,0.32600200176239014,-0.17262126750805798,0,0
2021-01-08,0.32322999835014343,-0.14520644133581834,0,0
2021-01-09,0.32691600918769836,-0.11829543034819995,0,0
2021-01-10,0.31833600997924805,-0.0915315621039447,0,0
2021-01-11,0.28890499472618103,-0.07032888812177318,0,0
2021-01-12,0.2921229898929596,-0.0616599366945379,0,0
2021-01-13,0.3055799901485443,-0.05859458884772134,0,0
2021-01-14,0.2954379916191101,-0.05588358263759052,0,0
2021-01-15,0.28040599822998047,-0.05580909155747471,0,0
2021-01-16,0.2801879942417145,-0.053749219109030355,0,0
2021-01-17,0.2773840129375458,-0.04945358186960219,0,0
2021-01-18,0.2847689986228943,-0.047048740965478564,0,0
2021-01-19,0.2943139970302582,-0.042488489431493415,0,0
2021-01-20,0.2965179979801178,-0.032835673584657554,0,0
2021-01-21,0.26894599199295044,-0.02359142312232182,0,0
2021-01-22,0.27279898524284363,-0.016031507709447113,0,0
2021-01-23,0.271820992231369,-0.009099501897307016,0,0
2021-01-24,0.2735089957714081,-0.004714920415597845,0,0
2021-01-25,0.269089013338089,-0.0033207604113746902,0,0
2021-01-26,0.26882699131965637,-0.003588294369332945,0,0
2021-01-27,0.2519429922103882,-0.004573278742678044,0,0
2021-01-28,0.2572779953479767,-0.005955986152676951,0,0
2021-01-29,0.2821879982948303,-0.005463885559755244,0,0
2021-01-30,0.44024398922920227,0.010391865320065474,1,1
2021-01-31,0.49231401085853577,0.043950756157145776,0,1
2021-02-01,0.37150898575782776,0.07244866056477323,0,1
2021-02-02,0.369269996881485,0.09107521027326582,0,1
2021-02-03,0.3934899866580963,0.10853569757412462,0,1
2021-02-04,0.44644901156425476,0.11465920740190672,0,1
2021-02-05,0.45004698634147644,0.10462069831350268,0,1
2021-02-06,0.43909600377082825,0.10065799193347202,0,1
2021-02-07,0.41795799136161804,0.10648359634420451,0,1
2021-02-08,0.44770199060440063,0.1108584053814411,0,1
2021-02-09,0.47199100255966187,0.11233309901812494,0,1
2021-02-10,0.503445029258728,0.11436623422538533,0,1
2021-02-11,0.5247870087623596,0.12270160904702021,0,1
2021-02-12,0.6085919737815857,0.14322774050866854,0,1
2021-02-13,0.6289960145950317,0.17170971807311564,0,1
2021-02-14,0.5941929817199707,0.19300125968806886,0,1
2021-02-15,0.5489150285720825,0.2015025748049511,0,1
2021-02-16,0.5208460092544556,0.19871344452395162,0,1
2021-02-17,0.5355370044708252,0.18431730305447297,0,1
2021-02-18,0.5324329733848572,0.16011835511992956,0,1
2021-02-19,0.567018985748291,0.13982026953907578,0,1
2021-02-20,0.5175120234489441,0.1262131723410943,0,1
2021-02-21,0.5485600233078003,0.1184336991871105,0,1
2021-02-22,0.571740984916687,0.11686641021686439,0,1
2021-02-23,0.47356298565864563,0.10791639808346243,0,1
2021-02-24,0.4718320071697235,0.08692348082275958,0,1
2021-02-25,0.4345239996910095,0.06374405368286018,0,1
2021-02-26,0.4278999865055084,0.03870565926327424,0,1
2021-02-27,0.4378089904785156,0.008535000418915473,0,1
2021-02-28,0.41495299339294434,-0.015280433174441888,-1,0
2021-03-01,0.44724398851394653,-0.02836907216731238,0,0
2021-03-02,0.43683698773384094,-0.03593938394504431,0,0
2021-03-03,0.45027899742126465,-0.039027463425608255,0,0
2021-03-04,0.4866049885749817,-0.03775434476487777,0,0
2021-03-05,0.4581190049648285,-0.03182714388651009,0,0
2021-03-06,0.4651060104370117,-0.025587090762222542,0,0
2021-03-07,0.46686699986457825,-0.02180009344044853,0,0
2021-03-08,0.47359699010849,-0.019401837184148674,0,0
2021-03-09,0.48598799109458923,-0.02002622292322276,0,0
2021-03-10,0.4631659984588623,-0.02118932613555119,0,0
2021-03-11,0.4529600143432617,-0.02218790308517571,0,0
2021-03-12,0.44113099575042725,-0.026048868105692013,0,0
2021-03-13,0.45992401242256165,-0.03063684000688438,0,0
2021-03-14,0.442111998796463,-0.03692667861195176,0,0
2021-03-15,0.4375549852848053,-0.043286761378540706,0,0
2021-03-16,0.4625999927520752,-0.043776790534748755,0,0
2021-03-17,0.4724169969558716,-0.038313383039306204,0,0
2021-03-18,0.4729189872741699,-0.03111994722310235,0,0
2021-03-19,0.47117099165916443,-0.02259840325397605,0,0
2021-03-20,0.5269910097122192,-0.007439681011087773,0,0
2021-03-21,0.5198349952697754,0.008643333526218655,1,1
2021-03-22,0.5499420166015625,0.022119100830134242,0,1
2021-03-23,0.5565950274467468,0.037501647542504735,0,1
2021-03-24,0.48883700370788574,0.047967293157297086,0,1
2021-03-25,0.5174980163574219,0.05015396177768705,0,1
2021-03-26,0.5670549869537354,0.05392633816775155,0,1
2021-03-27,0.5504429936408997,0.05794217130717111,0,1
2021-03-28,0.5507559776306152,0.05768927633762355,0,1
2021-03-29,0.5678709745407104,0.06393048929817541,0,1
2021-03-30,0.5668590068817139,0.0739856473663274,0,1
2021-03-31,0.573868989944458,0.07615649980657241,0,1
2021-04-01,0.5792919993400574,0.07544725651250167,0,1
2021-04-02,0.6165689826011658,0.08005828103598428,0,1
2021-04-03,0.5909150242805481,0.08372748616863701,0,1
2021-04-04,0.6467289924621582,0.08849760977660903,0,1
2021-04-05,0.9204729795455933,0.12109911029829701,0,1
2021-04-06,1.0962660312652588,0.19084480913246382,0,1
2021-04-07,0.917576014995575,0.2568052970311221,0,1
2021-04-08,1.0527559518814087,0.3180076228345141,0,1
2021-04-09,1.0208369493484497,0.38468533649164083,0,1
2021-04-10,1.3744159936904907,0.44597161105450467,0,1
2021-04-11,1.3605300188064575,0.49140286971541014,0,1
2021-04-12,1.4677350521087646,0.5453645826262588,0,1
2021-04-13,1.7940009832382202,0.6404964299762951,0,1
2021-04-14,1.8392360210418701,0.7565033257007598,0,1
2021-04-15,1.7660670280456543,0.8376375710262971,0,1
2021-04-16,1.55752694606781,0.8608767941594124,0,1
2021-04-17,1.5600550174713135,0.8572269252994481,0,1
2021-04-18,1.4059979915618896,0.7969764752423062,0,1
2021-04-19,1.3150440454483032,0.6789792276480618,0,1
2021-04-20,1.3832989931106567,0.5623519611709259,0,1
2021-04-21,1.2964979410171509,0.47246547849739295,0,1
2021-04-22,1.159682035446167,0.38408866217907733,0,1
2021-04-23,1.169659972190857,0.30084138547672945,0,1
2021-04-24,1.0487060546875,0.23334525472977585,0,1
2021-04-25,1.032256007194519,0.15673678867957164,0,1
2021-04-26,1.3685059547424316,0.10980057207977056,0,1
2021-04-27,1.4009549617767334,0.11577530012411241,0,1
2021-04-28,1.3586009740829468,0.1330140324199902,0,1
2021-04-29,1.399359941482544,0.16236458140261045,0,1
2021-04-30,1.5916739702224731,0.2258197673979927,0,1
2021-05-01,1.6510250568389893,0.27852082603118,0,1
2021-05-02,1.5626410245895386,0.29213194356245165,0,1
2021-05-03,1.555994987487793,0.29886486249811517,0,1
2021-05-04,1.3923759460449219,0.29132287993150596,0,1
2021-05-05,1.6145119667053223,0.2656475899850621,0,1
2021-05-06,1.6005810499191284,0.23319240019601928,0,1
2021-05-07,1.5817550420761108,0.20101745882455035,0,1
2021-05-08,1.5625979900360107,0.1755493223667144,0,1
2021-05-09,1.5352929830551147,0.16799119395368223,0,1
2021-05-10,1.3890060186386108,0.14638583239387049,0,1
2021-05-11,1.4776819944381714,0.09900347958592826,0,1
2021-05-12,1.247864007949829,0.042218381867689336,0,1
2021-05-13,1.3589099645614624,-0.019380422199473557,-1,0
2021-05-14,1.4029170274734497,-0.05837761514327111,0,0
2021-05-15,1.4858800172805786,-0.06419032601749186,0,0
2021-05-16,1.452605962753296,-0.05863142504411578,0,0
2021-05-17,1.4962999820709229,-0.03169498829280615,0,0
2021-05-18,1.5907340049743652,0.02436341047286983,1,1
2021-05-19,1.0703129768371582,0.028171528086942788,0,1
2021-05-20,1.1855369806289673,-0.019421062749974904,-1,0
2021-05-21,1.0069760084152222,-0.08041440634166497,0,0
2021-05-22,0.9063169956207275,-0.16849393564112058,0,0
2021-05-23,0.7970150113105774,-0.2918978096807705,0,0
2021-05-24,0.9928349852561951,-0.36565731641124266,0,0
2021-05-25,0.976186990737915,-0.3838875416447134,0,0
2021-05-26,1.0337250232696533,-0.3955848749946146,0,0
2021-05-27,0.9702349901199341,-0.38173314473208253,0,0
2021-05-28,0.9001479744911194,-0.3599106509895885,0,0
2021-05-29,0.8317880034446716,-0.36056931632406575,0,0
2021-05-30,0.9066089987754822,-0.3738911525291555,0,0
2021-05-31,1.0465840101242065,-0.36755911322201007,0,0
2021-06-01,1.0110009908676147,-0.3518735124784357,0,0
2021-06-02,1.024399995803833,-0.32474582896513104,0,0
2021-06-03,1.045320987701416,-0.2774186088758356,0,0
2021-06-04,0.970196008682251,-0.2316598148906932,0,0
2021-06-05,0.9232860207557678,-0.2182164414840586,0,0
2021-06-06,0.945285975933075,-0.21873444757040805,0,0
2021-06-07,0.8611549735069275,-0.22483736329218917,0,0
2021-06-08,0.8757879734039307,-0.2394395056892843,0,0
2021-06-09,0.9200339913368225,-0.240537375737639,0,0
2021-06-10,0.8691819906234741,-0.230476920043721,0,0
2021-06-11,0.8484500050544739,-0.2245897284325432,0,0
2021-06-12,0.8326830267906189,-0.21628584458547473,0,0
2021-06-13,0.8831599950790405,-0.20062442562159366,0,0
2021-06-14,0.8928970098495483,-0.1865622303065132,0,0
2021-06-15,0.8898000121116638,-0.17334870012367476,0,0
2021-06-16,0.8319079875946045,-0.1599254236501806,0,0
2021-06-17,0.8414379954338074,-0.1446970548699884,0,0
2021-06-18,0.797648012638092,-0.1339946527691448,0,0
2021-06-19,0.7616729736328125,-0.1353864164913402,0,0
2021-06-20,0.7763770222663879,-0.13910323749570286,0,0
2021-06-21,0.6103879809379578,-0.1475935815011754,0,0
2021-06-22,0.5450670123100281,-0.17724162182387182,0,0
2021-06-23,0.6265349984169006,-0.2080451988122043,0,0
2021-06-24,0.671999990940094,-0.22097706321407762,0,0
2021-06-25,0.6133229732513428,-0.2370149128577289,0,0
2021-06-26,0.615435004234314,-0.2458365855848088,0,0
2021-06-27,0.6469230055809021,-0.22738904882879818,0,0
2021-06-28,0.643746018409729,-0.20550656879649443,0,0
2021-06-29,0.7017250061035156,-0.19104177425889401,0,0
2021-06-30,0.7063739895820618,-0.17000150908442102,0,0
2021-07-01,0.6611800193786621,-0.14872736247146834,0,0
2021-07-02,0.6567630171775818,-0.13708072830648987,0,0
2021-07-03,0.6728879809379578,-0.12717156024540177,0,0
2021-07-04,0.6949449777603149,-0.11632713079452517,0,0
2021-07-05,0.6542999744415283,-0.11179576971951655,0,0
2021-07-06,0.6654019951820374,-0.10605598810841055,0,0
2021-07-07,0.6515750288963318,-0.0950828252469792,0,0
2021-07-08,0.623058021068573,-0.08968926790882559,0,0
2021-07-09,0.6368039846420288,-0.09116842168218942,0,0
2021-07-10,0.6254630088806152,-0.09094996750354767,0,0
2021-07-11,0.6359350085258484,-0.08876502548947063,0,0
2021-07-12,0.6301779747009277,-0.08692745952045211,0,0
2021-07-13,0.6195229887962341,-0.08138947697246779,0,0
2021-07-14,0.6203240156173706,-0.07531202155001016,0,0
2021-07-15,0.5969409942626953,-0.07245388188782864,0,0
2021-07-16,0.5907739996910095,-0.07256603661705463,0,0
2021-07-17,0.582427978515625,-0.07387712177108319,0,0
2021-07-18,0.5879219770431519,-0.07290476595654216,0,0
2021-07-19,0.5575559735298157,-0.07297080264371991,0,0
2021-07-20,0.5293359756469727,-0.07667257855920229,0,0
2021-07-21,0.569998025894165,-0.07706932513152842,0,0
2021-07-22,0.5922060012817383,-0.07115614992730757,0,0
2021-07-23,0.6092240214347839,-0.06278504080632152,0,0
2021-07-24,0.6098269820213318,-0.05073657386443198,0,0
2021-07-25,0.6063569784164429,-0.03529882799176609,0,0
2021-07-26,0.6256179809570312,-0.02316002582802501,0,0
2021-07-27,0.6446040272712708,-0.013808521803687523,0,0
2021-07-28,0.7254449725151062,0.0020016992793363553,1,1
2021-07-29,0.7480170130729675,0.02467604717787575,0,1
2021-07-30,0.7521190047264099,0.04908039938001074,0,1
2021-07-31,0.7477859854698181,0.0723800645155066,0,1
2021-08-01,0.7259219884872437,0.09003691182417028,0,1
2021-08-02,0.7392200231552124,0.09778634555199561,0,1
2021-08-03,0.7127289772033691,0.09499019401914932,0,1
2021-08-04,0.7304880023002625,0.08818559944629667,0,1
2021-08-05,0.7331510186195374,0.0824164145133075,0,1
2021-08-06,0.7465130090713501,0.08080594592234669,0,1
2021-08-07,0.8162810206413269,0.08770407315562756,0,1
2021-08-08,0.7787389755249023,0.0983968338545631,0,1
2021-08-09,0.8185529708862305,0.10972212500431955,0,1
2021-08-10,0.8512470126152039,0.12514964832979092,0,1
2021-08-11,1.0125240087509155,0.15489655400023739,0,1
